81
10
[-0.4,32.75,-2.955]
[-0.4,30.814,-2.955]
[-0.4,30.814,-2.955]
[-0.4,30.814,-2.955]
[-0.4,30.814,-2.955]
[-0.4,30.814,-2.955]
[-0.4,30.814,-2.955]
[-0.4,30.814,-2.955]
[-0.4,30.814,-2.955]
[-0.4,30.814,-2.955]
[-0.4,30.814,-2.955]
[-0.4,31.6512,-2.955]
[-0.4,32.4884,-2.955]
[-0.4,33.3256,-2.955]
[-0.4,34.1628,-2.955]
[-0.4,35,-2.955]
[-0.4,35,-2.955]
[-0.4,35,-2.955]
[-0.4,35,-2.955]
[-0.4,35,-2.955]
[-0.4,35,-2.955]
[-0.4,35,-2.955]
[-0.4,35,-2.955]
[-0.4,35,-2.955]
[-0.4,35,-2.955]
[-0.4,35,-2.955]
[-0.4,35,-2.955]
[-0.4,35,-2.955]
[-0.4,35,-2.955]
[-0.4,35,-2.955]
[-0.4,35,-2.955]
[-0.4,35,-2.955]
[-0.4,35,-2.955]
[-0.4,35,-2.955]
[-0.4,35,-2.955]
[-0.4,35,-2.955]
[-0.4,35,-2.955]
[-0.4,35,-2.955]
[-0.4,35,-2.955]
[-0.4,35,-2.955]
[-0.4,35,-2.955]
[-0.4,35,-2.955]
[-0.4,35,-2.955]
[-0.4,35,-2.955]
[-0.4,35,-2.955]
[-0.4,35,-2.955]
[-0.4,35,-2.955]
[-0.4,35,-2.955]
[-0.4,35,-2.955]
[-0.4,35,-2.955]
[-0.4,35,-2.955]
[-0.4,35,-2.955]
[-0.4,35,-2.955]
[-0.4,35,-2.955]
[-0.4,35,-2.955]
[-0.4,35,-2.955]
[-0.4,35,-2.955]
[-0.4,35,-2.955]
[-0.4,35,-2.955]
[-0.4,35,-2.955]
[-0.4,35,-2.955]
[-0.4,35,-2.955]
[-0.4,35,-2.955]
[-0.4,35,-2.955]
[-0.4,35,-2.955]
[-0.4,35,-2.955]
[-0.4,35,-2.955]
[-0.4,35,-2.955]
[-0.4,35,-2.955]
[-0.4,35,-2.955]
[-0.4,35,-2.955]
[-0.4,34.775,-2.955]
[-0.4,34.55,-2.955]
[-0.4,34.325,-2.955]
[-0.4,34.1,-2.955]
[-0.4,33.875,-2.955]
[-0.4,33.65,-2.955]
[-0.4,33.425,-2.955]
[-0.4,33.2,-2.955]
[-0.4,32.975,-2.955]
[-0.4,32.75,-2.955]
[0,-0,0]
[0,0,0]
[0,0,0]
[0,0,0]
[0,0,0]
[0,0,0]
[0,0,0]
[0,0,0]
[0,0,0]
[0,0,0]
[0,0,0]
[0,0,0]
[0,0,0]
[0,0,0]
[0,0,0]
[0,0,0]
[0,0,0]
[0,0,0]
[0,0,0]
[0,0,0]
[0,0,0]
[0,0,0]
[0,0,0]
[0,0,0]
[0,0,0]
[0,0,0]
[0,0,0]
[0,0,0]
[0,0,0]
[0,0,0]
[0,0,0]
[0,0,0]
[0,0,0]
[0,0,0]
[0,0,0]
[0,0,0]
[0,0,0]
[0,0,0]
[0,0,0]
[0,0,0]
[0,0,0]
[0,0,0]
[0,0,0]
[0,0,0]
[0,0,0]
[0,0,0]
[0,0,0]
[0,0,0]
[0,0,0]
[0,0,0]
[0,0,0]
[0,0,0]
[0,0,0]
[0,0,0]
[0,0,0]
[0,0,0]
[0,0,0]
[0,0,0]
[0,0,0]
[0,0,0]
[0,0,0]
[0,0,0]
[0,0,0]
[0,0,0]
[0,0,0]
[0,0,0]
[0,0,0]
[0,0,0]
[0,0,0]
[0,0,0]
[0,0,0]
[0,0,0]
[0,0,0]
[0,0,0]
[0,0,0]
[0,0,0]
[0,0,0]
[0,0,0]
[0,0,0]
[0,0,0]
[0,0,0]