81
10
[-3.373,1.87,1.27]
[-3.373,1.87,1.27]
[-3.373,1.87,1.27]
[-3.373,1.87,1.27]
[-3.373,1.87,1.27]
[-3.373,1.87,1.27]
[-3.373,1.87,1.27]
[-3.373,1.87,1.27]
[-3.373,1.87,1.27]
[-3.373,1.87,1.27]
[-3.373,1.87,1.27]
[-3.373,1.87,1.27]
[-3.373,1.87,1.27]
[-3.373,1.87,1.27]
[-3.373,1.87,1.27]
[-3.373,1.87,1.27]
[-1.66647,1.87,1.27]
[0.0400667,1.87,1.27]
[1.7466,1.87,1.27]
[3.45313,1.87,1.27]
[5.15967,1.87,1.27]
[6.8662,1.87,1.27]
[8.57273,1.87,1.27]
[10.2793,1.87,1.27]
[11.9858,1.87,1.27]
[13.6923,1.87,1.27]
[15.3989,1.87,1.27]
[17.1054,1.87,1.27]
[18.8119,1.87,1.27]
[20.5185,1.87,1.27]
[22.225,1.87,1.27]
[22.225,1.87,1.27]
[22.225,1.87,1.27]
[22.225,1.87,1.27]
[22.225,1.87,1.27]
[22.225,1.87,1.27]
[22.225,1.87,1.27]
[22.225,1.87,1.27]
[22.225,1.87,1.27]
[22.225,1.87,1.27]
[22.225,1.87,1.27]
[22.225,1.87,1.27]
[22.225,1.87,1.27]
[22.225,1.87,1.27]
[22.225,1.87,1.27]
[22.225,1.87,1.27]
[22.225,1.87,1.27]
[22.225,1.87,1.27]
[22.225,1.87,1.27]
[22.225,1.87,1.27]
[22.225,1.87,1.27]
[22.225,1.87,1.27]
[22.225,1.87,1.27]
[22.225,1.87,1.27]
[22.225,1.87,1.27]
[22.225,1.87,1.27]
[22.225,1.87,1.27]
[22.225,1.87,1.27]
[22.225,1.87,1.27]
[22.225,1.87,1.27]
[22.225,1.87,1.27]
[22.225,1.87,1.27]
[22.225,1.87,1.27]
[22.225,1.87,1.27]
[22.225,1.87,1.27]
[22.225,1.87,1.27]
[22.225,1.87,1.27]
[22.225,1.87,1.27]
[22.225,1.87,1.27]
[22.225,1.87,1.27]
[22.225,1.87,1.27]
[19.6652,1.87,1.27]
[17.1054,1.87,1.27]
[14.5456,1.87,1.27]
[11.9858,1.87,1.27]
[9.426,1.87,1.27]
[6.8662,1.87,1.27]
[4.3064,1.87,1.27]
[1.7466,1.87,1.27]
[-0.8132,1.87,1.27]
[-3.373,1.87,1.27]
[0,-0,0]
[0,0,0]
[0,0,0]
[0,0,0]
[0,0,0]
[0,0,0]
[0,0,0]
[0,0,0]
[0,0,0]
[0,0,0]
[0,0,0]
[0,0,0]
[0,0,0]
[0,0,0]
[0,0,0]
[0,0,0]
[0,0,0]
[0,0,0]
[0,0,0]
[0,0,0]
[0,0,0]
[0,0,0]
[0,0,0]
[0,0,0]
[0,0,0]
[0,0,0]
[0,0,0]
[0,0,0]
[0,0,0]
[0,0,0]
[0,0,0]
[0,0,0]
[0,0,0]
[0,0,0]
[0,0,0]
[0,0,0]
[0,0,0]
[0,0,0]
[0,0,0]
[0,0,0]
[0,0,0]
[0,0,0]
[0,0,0]
[0,0,0]
[0,0,0]
[0,0,0]
[0,0,0]
[0,0,0]
[0,0,0]
[0,0,0]
[0,0,0]
[0,0,0]
[0,0,0]
[0,0,0]
[0,0,0]
[0,0,0]
[0,0,0]
[0,0,0]
[0,0,0]
[0,0,0]
[0,0,0]
[0,0,0]
[0,0,0]
[0,0,0]
[0,0,0]
[0,0,0]
[0,0,0]
[0,0,0]
[0,0,0]
[0,0,0]
[0,0,0]
[0,0,0]
[0,0,0]
[0,0,0]
[0,0,0]
[0,0,0]
[0,0,0]
[0,0,0]
[0,0,0]
[0,0,0]
[0,0,0]