31
10
[2.1,14.659,-21.871]
[3.08,14.659,-21.871]
[4.06,14.659,-21.871]
[5.04,14.659,-21.871]
[6.02,14.659,-21.871]
[7,14.659,-21.871]
[7.98,14.659,-21.871]
[8.96,14.659,-21.871]
[9.94,14.659,-21.871]
[10.92,14.659,-21.871]
[11.9,14.659,-21.871]
[11.9,14.659,-21.871]
[11.9,14.659,-21.871]
[11.9,14.659,-21.871]
[11.9,14.659,-21.871]
[11.9,14.659,-21.871]
[11.9,14.659,-21.871]
[11.9,14.659,-21.871]
[11.9,14.659,-21.871]
[11.9,14.659,-21.871]
[11.9,14.659,-21.871]
[11.9,14.659,-21.871]
[11.9,14.659,-21.871]
[10.675,14.659,-21.871]
[9.45,14.659,-21.871]
[8.225,14.659,-21.871]
[7,14.659,-21.871]
[5.775,14.659,-21.871]
[4.55,14.659,-21.871]
[3.325,14.659,-21.871]
[2.1,14.659,-21.871]
[0,-0,0]
[0,0,0]
[0,0,0]
[0,0,0]
[0,0,0]
[0,0,0]
[0,0,0]
[0,0,0]
[0,0,0]
[0,0,0]
[0,0,0]
[0,0,0]
[0,0,0]
[0,0,0]
[0,0,0]
[0,0,0]
[0,0,0]
[0,0,0]
[0,0,0]
[0,0,0]
[0,0,0]
[0,0,0]
[0,0,0]
[0,0,0]
[0,0,0]
[0,0,0]
[0,0,0]
[0,0,0]
[0,0,0]
[0,0,0]
[0,0,0]