31
10
[2.1,14.659,-21.871]
[3.09,14.659,-21.871]
[4.08,14.659,-21.871]
[5.07,14.659,-21.871]
[6.06,14.659,-21.871]
[7.05,14.659,-21.871]
[8.04,14.659,-21.871]
[9.03,14.659,-21.871]
[10.02,14.659,-21.871]
[11.01,14.659,-21.871]
[12,14.659,-21.871]
[12,14.659,-21.871]
[12,14.659,-21.871]
[12,14.659,-21.871]
[12,14.659,-21.871]
[12,14.659,-21.871]
[12,14.659,-21.871]
[12,14.659,-21.871]
[12,14.659,-21.871]
[12,14.659,-21.871]
[12,14.659,-21.871]
[11.01,14.659,-21.871]
[10.02,14.659,-21.871]
[9.03,14.659,-21.871]
[8.04,14.659,-21.871]
[7.05,14.659,-21.871]
[6.06,14.659,-21.871]
[5.07,14.659,-21.871]
[4.08,14.659,-21.871]
[3.09,14.659,-21.871]
[2.1,14.659,-21.871]
[0,-0,0]
[0,0,0]
[0,0,0]
[0,0,0]
[0,0,0]
[0,0,0]
[0,0,0]
[0,0,0]
[0,0,0]
[0,0,0]
[0,0,0]
[0,0,0]
[0,0,0]
[0,0,0]
[0,0,0]
[0,0,0]
[0,0,0]
[0,0,0]
[0,0,0]
[0,0,0]
[0,0,0]
[0,0,0]
[0,0,0]
[0,0,0]
[0,0,0]
[0,0,0]
[0,0,0]
[0,0,0]
[0,0,0]
[0,0,0]
[0,0,0]