81
10
[-12.075,7.65,-7.588]
[-12.075,7.65,-7.588]
[-12.075,7.65,-7.588]
[-12.075,7.65,-7.588]
[-12.075,7.65,-7.588]
[-12.075,7.65,-7.588]
[-12.075,7.65,-7.588]
[-12.075,7.65,-7.588]
[-12.075,7.65,-7.588]
[-12.075,7.65,-7.588]
[-12.075,7.65,-7.588]
[-12.075,7.65,-7.588]
[-12.075,7.65,-7.588]
[-12.075,7.65,-7.588]
[-12.075,7.65,-7.588]
[-12.075,7.65,-7.588]
[-12.075,7.65,-7.588]
[-12.075,7.65,-7.588]
[-12.075,7.65,-7.588]
[-12.075,7.65,-7.588]
[-12.075,7.65,-7.588]
[-12.075,7.65,-7.588]
[-12.075,7.65,-7.588]
[-12.075,7.65,-7.588]
[-12.075,7.65,-7.588]
[-12.075,7.65,-7.588]
[-12.075,7.65,-7.588]
[-12.075,7.65,-7.588]
[-12.075,7.65,-7.588]
[-12.075,7.65,-7.588]
[-12.075,7.65,-7.588]
[-12.075,7.65,-7.1829]
[-12.075,7.65,-6.7778]
[-12.075,7.65,-6.3727]
[-12.075,7.65,-5.9676]
[-12.075,7.65,-5.5625]
[-12.075,7.65,-5.1574]
[-12.075,7.65,-4.7523]
[-12.075,7.65,-4.3472]
[-12.075,7.65,-3.9421]
[-12.075,7.65,-3.537]
[-12.075,7.65,-3.537]
[-12.075,7.65,-3.537]
[-12.075,7.65,-3.537]
[-12.075,7.65,-3.537]
[-12.075,7.65,-3.537]
[-12.075,7.65,-3.537]
[-12.075,7.65,-3.537]
[-12.075,7.65,-3.537]
[-12.075,7.65,-3.537]
[-12.075,7.65,-3.537]
[-12.075,7.65,-3.7651]
[-12.075,7.65,-3.9932]
[-12.075,7.65,-4.2213]
[-12.075,7.65,-4.4494]
[-12.075,7.65,-4.6775]
[-12.075,7.65,-4.9056]
[-12.075,7.65,-5.1337]
[-12.075,7.65,-5.3618]
[-12.075,7.65,-5.5899]
[-12.075,7.65,-5.818]
[-12.075,7.65,-5.818]
[-12.075,7.65,-5.818]
[-12.075,7.65,-5.818]
[-12.075,7.65,-5.818]
[-12.075,7.65,-5.818]
[-12.075,7.65,-5.818]
[-12.075,7.65,-5.818]
[-12.075,7.65,-5.818]
[-12.075,7.65,-5.818]
[-12.075,7.65,-5.818]
[-12.075,7.65,-5.995]
[-12.075,7.65,-6.172]
[-12.075,7.65,-6.349]
[-12.075,7.65,-6.526]
[-12.075,7.65,-6.703]
[-12.075,7.65,-6.88]
[-12.075,7.65,-7.057]
[-12.075,7.65,-7.234]
[-12.075,7.65,-7.411]
[-12.075,7.65,-7.588]
[0,-0,0]
[0,0,0]
[0,0,0]
[0,0,0]
[0,0,0]
[0,0,0]
[0,0,0]
[0,0,0]
[0,0,0]
[0,0,0]
[0,0,0]
[0,0,0]
[0,0,0]
[0,0,0]
[0,0,0]
[0,0,0]
[0,0,0]
[0,0,0]
[0,0,0]
[0,0,0]
[0,0,0]
[0,0,0]
[0,0,0]
[0,0,0]
[0,0,0]
[0,0,0]
[0,0,0]
[0,0,0]
[0,0,0]
[0,0,0]
[0,0,0]
[0,0,0]
[0,0,0]
[0,0,0]
[0,0,0]
[0,0,0]
[0,0,0]
[0,0,0]
[0,0,0]
[0,0,0]
[0,0,0]
[0,0,0]
[0,0,0]
[0,0,0]
[0,0,0]
[0,0,0]
[0,0,0]
[0,0,0]
[0,0,0]
[0,0,0]
[0,0,0]
[0,0,0]
[0,0,0]
[0,0,0]
[0,0,0]
[0,0,0]
[0,0,0]
[0,0,0]
[0,0,0]
[0,0,0]
[0,0,0]
[0,0,0]
[0,0,0]
[0,0,0]
[0,0,0]
[0,0,0]
[0,0,0]
[0,0,0]
[0,0,0]
[0,0,0]
[0,0,0]
[0,0,0]
[0,0,0]
[0,0,0]
[0,0,0]
[0,0,0]
[0,0,0]
[0,0,0]
[0,0,0]
[0,0,0]
[0,0,0]