81
10
[1.45,-4,-3.3]
[1.45,-4,-3.3]
[1.45,-4,-3.3]
[1.45,-4,-3.3]
[1.45,-4,-3.3]
[1.45,-4,-3.3]
[1.45,-4,-3.3]
[1.45,-4,-3.3]
[1.45,-4,-3.3]
[1.45,-4,-3.3]
[1.45,-4,-3.3]
[1.45,-4,-3.26]
[1.45,-4,-3.22]
[1.45,-4,-3.18]
[1.45,-4,-3.14]
[1.45,-4,-3.1]
[1.45,-4,-3.06]
[1.45,-4,-3.02]
[1.45,-4,-2.98]
[1.45,-4,-2.94]
[1.45,-4,-2.9]
[1.45,-4,-2.9]
[1.45,-4,-2.9]
[1.45,-4,-2.9]
[1.45,-4,-2.9]
[1.45,-4,-2.9]
[1.45,-4,-2.9]
[1.45,-4,-2.9]
[1.45,-4,-2.9]
[1.45,-4,-2.9]
[1.45,-4,-2.9]
[1.45,-4,-2.9]
[1.45,-4,-2.9]
[1.45,-4,-2.9]
[1.45,-4,-2.9]
[1.45,-4,-2.9]
[1.45,-4,-2.9]
[1.45,-4,-2.9]
[1.45,-4,-2.9]
[1.45,-4,-2.9]
[1.45,-4,-2.9]
[1.45,-4,-2.9]
[1.45,-4,-2.9]
[1.45,-4,-2.9]
[1.45,-4,-2.9]
[1.45,-4,-2.9]
[1.45,-4,-2.9]
[1.45,-4,-2.9]
[1.45,-4,-2.9]
[1.45,-4,-2.9]
[1.45,-4,-2.9]
[1.45,-4,-2.9]
[1.45,-4,-2.9]
[1.45,-4,-2.9]
[1.45,-4,-2.9]
[1.45,-4,-2.9]
[1.45,-4,-2.9]
[1.45,-4,-2.9]
[1.45,-4,-2.9]
[1.45,-4,-2.9]
[1.45,-4,-2.9]
[1.45,-4,-2.94]
[1.45,-4,-2.98]
[1.45,-4,-3.02]
[1.45,-4,-3.06]
[1.45,-4,-3.1]
[1.45,-4,-3.14]
[1.45,-4,-3.18]
[1.45,-4,-3.22]
[1.45,-4,-3.26]
[1.45,-4,-3.3]
[1.45,-4,-3.3]
[1.45,-4,-3.3]
[1.45,-4,-3.3]
[1.45,-4,-3.3]
[1.45,-4,-3.3]
[1.45,-4,-3.3]
[1.45,-4,-3.3]
[1.45,-4,-3.3]
[1.45,-4,-3.3]
[1.45,-4,-3.3]
[0,-0,0]
[0,0,0]
[0,0,0]
[0,0,0]
[0,0,0]
[0,0,0]
[0,0,0]
[0,0,0]
[0,0,0]
[0,0,0]
[0,0,0]
[0,0,0]
[0,0,0]
[0,0,0]
[0,0,0]
[0,0,0]
[0,0,0]
[0,0,0]
[0,0,0]
[0,0,0]
[0,0,0]
[0,0,0]
[0,0,0]
[0,0,0]
[0,0,0]
[0,0,0]
[0,0,0]
[0,0,0]
[0,0,0]
[0,0,0]
[0,0,0]
[0,0,0]
[0,0,0]
[0,0,0]
[0,0,0]
[0,0,0]
[0,0,0]
[0,0,0]
[0,0,0]
[0,0,0]
[0,0,0]
[0,0,0]
[0,0,0]
[0,0,0]
[0,0,0]
[0,0,0]
[0,0,0]
[0,0,0]
[0,0,0]
[0,0,0]
[0,0,0]
[0,0,0]
[0,0,0]
[0,0,0]
[0,0,0]
[0,0,0]
[0,0,0]
[0,0,0]
[0,0,0]
[0,0,0]
[0,0,0]
[0,0,0]
[0,0,0]
[0,0,0]
[0,0,0]
[0,0,0]
[0,0,0]
[0,0,0]
[0,0,0]
[0,0,0]
[0,0,0]
[0,0,0]
[0,0,0]
[0,0,0]
[0,0,0]
[0,0,0]
[0,0,0]
[0,0,0]
[0,0,0]
[0,0,0]
[0,0,0]