81
10
[-0.65,-5.17,-17.1]
[-0.65,-5.17,-17.1]
[-0.65,-5.17,-17.1]
[-0.65,-5.17,-17.1]
[-0.65,-5.17,-17.1]
[-0.65,-5.17,-17.1]
[-0.65,-5.17,-17.1]
[-0.65,-5.17,-17.1]
[-0.65,-5.17,-17.1]
[-0.65,-5.17,-17.1]
[-0.65,-5.17,-17.1]
[-0.65,-5.17,-17.1]
[-0.65,-5.17,-17.1]
[-0.65,-5.17,-17.1]
[-0.65,-5.17,-17.1]
[-0.65,-5.17,-17.1]
[-0.65,-5.17,-17.1]
[-0.65,-5.17,-17.1]
[-0.65,-5.17,-17.1]
[-0.65,-5.17,-17.1]
[-0.65,-5.17,-17.1]
[-0.65,-4.626,-17.1]
[-0.65,-4.082,-17.1]
[-0.65,-3.538,-17.1]
[-0.65,-2.994,-17.1]
[-0.65,-2.45,-17.1]
[-0.65,-2.8228,-17.1]
[-0.65,-3.1956,-17.1]
[-0.65,-3.5684,-17.1]
[-0.65,-3.9412,-17.1]
[-0.65,-4.314,-17.1]
[-0.65,-4.6868,-17.1]
[-0.65,-5.0596,-17.1]
[-0.65,-5.4324,-17.1]
[-0.65,-5.8052,-17.1]
[-0.65,-6.178,-17.1]
[-0.65,-6.5508,-17.1]
[-0.65,-6.9236,-17.1]
[-0.65,-7.2964,-17.1]
[-0.65,-7.6692,-17.1]
[-0.65,-8.042,-17.1]
[-0.65,-8.4148,-17.1]
[-0.65,-8.7876,-17.1]
[-0.65,-9.1604,-17.1]
[-0.65,-9.5332,-17.1]
[-0.65,-9.906,-17.1]
[-0.65,-10.2788,-17.1]
[-0.65,-10.6516,-17.1]
[-0.65,-11.0244,-17.1]
[-0.65,-11.3972,-17.1]
[-0.65,-11.77,-17.1]
[-0.65,-11.77,-17.1]
[-0.65,-11.77,-17.1]
[-0.65,-11.77,-17.1]
[-0.65,-11.77,-17.1]
[-0.65,-11.77,-17.1]
[-0.65,-11.77,-17.1]
[-0.65,-11.77,-17.1]
[-0.65,-11.77,-17.1]
[-0.65,-11.77,-17.1]
[-0.65,-11.77,-17.1]
[-0.65,-11.77,-17.1]
[-0.65,-11.77,-17.1]
[-0.65,-11.77,-17.1]
[-0.65,-11.77,-17.1]
[-0.65,-11.77,-17.1]
[-0.65,-10.838,-17.1]
[-0.65,-9.906,-17.1]
[-0.65,-8.974,-17.1]
[-0.65,-8.042,-17.1]
[-0.65,-7.11,-17.1]
[-0.65,-6.178,-17.1]
[-0.65,-5.246,-17.1]
[-0.65,-4.314,-17.1]
[-0.65,-3.382,-17.1]
[-0.65,-2.45,-17.1]
[-0.65,-2.994,-17.1]
[-0.65,-3.538,-17.1]
[-0.65,-4.082,-17.1]
[-0.65,-4.626,-17.1]
[-0.65,-5.17,-17.1]
[0,-0,0]
[0,0,0]
[0,0,0]
[0,0,0]
[0,0,0]
[0,0,0]
[0,0,0]
[0,0,0]
[0,0,0]
[0,0,0]
[0,0,0]
[0,0,0]
[0,0,0]
[0,0,0]
[0,0,0]
[0,0,0]
[0,0,0]
[0,0,0]
[0,0,0]
[0,0,0]
[0,0,0]
[0,0,0]
[0,0,0]
[0,0,0]
[0,0,0]
[0,0,0]
[0,0,0]
[0,0,0]
[0,0,0]
[0,0,0]
[0,0,0]
[0,0,0]
[0,0,0]
[0,0,0]
[0,0,0]
[0,0,0]
[0,0,0]
[0,0,0]
[0,0,0]
[0,0,0]
[0,0,0]
[0,0,0]
[0,0,0]
[0,0,0]
[0,0,0]
[0,0,0]
[0,0,0]
[0,0,0]
[0,0,0]
[0,0,0]
[0,0,0]
[0,0,0]
[0,0,0]
[0,0,0]
[0,0,0]
[0,0,0]
[0,0,0]
[0,0,0]
[0,0,0]
[0,0,0]
[0,0,0]
[0,0,0]
[0,0,0]
[0,0,0]
[0,0,0]
[0,0,0]
[0,0,0]
[0,0,0]
[0,0,0]
[0,0,0]
[0,0,0]
[0,0,0]
[0,0,0]
[0,0,0]
[0,0,0]
[0,0,0]
[0,0,0]
[0,0,0]
[0,0,0]
[0,0,0]
[0,0,0]