81
10
[1.45,-4,-3.3]
[1.45,-4,-3.3]
[1.45,-4,-3.3]
[1.45,-4,-3.3]
[1.45,-4,-3.3]
[1.45,-4,-3.3]
[1.45,-4,-3.3]
[1.45,-4,-3.3]
[1.45,-4,-3.3]
[1.45,-4,-3.3]
[1.45,-4,-3.3]
[1.45,-4,-3.115]
[1.45,-4,-2.93]
[1.45,-4,-2.745]
[1.45,-4,-2.56]
[1.45,-4,-2.375]
[1.45,-4,-2.19]
[1.45,-4,-2.005]
[1.45,-4,-1.82]
[1.45,-4,-1.635]
[1.45,-4,-1.45]
[1.45,-4,-1.45]
[1.45,-4,-1.45]
[1.45,-4,-1.45]
[1.45,-4,-1.45]
[1.45,-4,-1.45]
[1.45,-4,-1.45]
[1.45,-4,-1.45]
[1.45,-4,-1.45]
[1.45,-4,-1.45]
[1.45,-4,-1.45]
[1.45,-4,-1.45]
[1.45,-4,-1.45]
[1.45,-4,-1.45]
[1.45,-4,-1.45]
[1.45,-4,-1.45]
[1.45,-4,-1.45]
[1.45,-4,-1.45]
[1.45,-4,-1.45]
[1.45,-4,-1.45]
[1.45,-4,-1.45]
[1.45,-4,-1.45]
[1.45,-4,-1.45]
[1.45,-4,-1.45]
[1.45,-4,-1.45]
[1.45,-4,-1.45]
[1.45,-4,-1.45]
[1.45,-4,-1.45]
[1.45,-4,-1.45]
[1.45,-4,-1.45]
[1.45,-4,-1.45]
[1.45,-4,-1.45]
[1.45,-4,-1.45]
[1.45,-4,-1.45]
[1.45,-4,-1.45]
[1.45,-4,-1.45]
[1.45,-4,-1.45]
[1.45,-4,-1.45]
[1.45,-4,-1.45]
[1.45,-4,-1.45]
[1.45,-4,-1.45]
[1.45,-4,-1.635]
[1.45,-4,-1.82]
[1.45,-4,-2.005]
[1.45,-4,-2.19]
[1.45,-4,-2.375]
[1.45,-4,-2.56]
[1.45,-4,-2.745]
[1.45,-4,-2.93]
[1.45,-4,-3.115]
[1.45,-4,-3.3]
[1.45,-4,-3.3]
[1.45,-4,-3.3]
[1.45,-4,-3.3]
[1.45,-4,-3.3]
[1.45,-4,-3.3]
[1.45,-4,-3.3]
[1.45,-4,-3.3]
[1.45,-4,-3.3]
[1.45,-4,-3.3]
[1.45,-4,-3.3]
[0,-0,0]
[0,0,0]
[0,0,0]
[0,0,0]
[0,0,0]
[0,0,0]
[0,0,0]
[0,0,0]
[0,0,0]
[0,0,0]
[0,0,0]
[0,0,0]
[0,0,0]
[0,0,0]
[0,0,0]
[0,0,0]
[0,0,0]
[0,0,0]
[0,0,0]
[0,0,0]
[0,0,0]
[0,0,0]
[0,0,0]
[0,0,0]
[0,0,0]
[0,0,0]
[0,0,0]
[0,0,0]
[0,0,0]
[0,0,0]
[0,0,0]
[0,0,0]
[0,0,0]
[0,0,0]
[0,0,0]
[0,0,0]
[0,0,0]
[0,0,0]
[0,0,0]
[0,0,0]
[0,0,0]
[0,0,0]
[0,0,0]
[0,0,0]
[0,0,0]
[0,0,0]
[0,0,0]
[0,0,0]
[0,0,0]
[0,0,0]
[0,0,0]
[0,0,0]
[0,0,0]
[0,0,0]
[0,0,0]
[0,0,0]
[0,0,0]
[0,0,0]
[0,0,0]
[0,0,0]
[0,0,0]
[0,0,0]
[0,0,0]
[0,0,0]
[0,0,0]
[0,0,0]
[0,0,0]
[0,0,0]
[0,0,0]
[0,0,0]
[0,0,0]
[0,0,0]
[0,0,0]
[0,0,0]
[0,0,0]
[0,0,0]
[0,0,0]
[0,0,0]
[0,0,0]
[0,0,0]
[0,0,0]