81
10
[-0.65,-4.72,-17.1]
[-0.65,-4.72,-17.1]
[-0.65,-4.72,-17.1]
[-0.65,-4.72,-17.1]
[-0.65,-4.72,-17.1]
[-0.65,-4.72,-17.1]
[-0.65,-4.72,-17.1]
[-0.65,-4.72,-17.1]
[-0.65,-4.72,-17.1]
[-0.65,-4.72,-17.1]
[-0.65,-4.72,-17.1]
[-0.65,-4.72,-17.1]
[-0.65,-4.72,-17.1]
[-0.65,-4.72,-17.1]
[-0.65,-4.72,-17.1]
[-0.65,-4.72,-17.1]
[-0.65,-4.72,-17.1]
[-0.65,-4.72,-17.1]
[-0.65,-4.72,-17.1]
[-0.65,-4.72,-17.1]
[-0.65,-4.72,-17.1]
[-0.65,-4.72,-17.1]
[-0.65,-4.72,-17.1]
[-0.65,-4.72,-17.1]
[-0.65,-4.72,-17.1]
[-0.65,-4.72,-17.1]
[-0.65,-4.72,-17.1]
[-0.65,-4.72,-17.1]
[-0.65,-4.72,-17.1]
[-0.65,-4.72,-17.1]
[-0.65,-4.72,-17.1]
[-0.65,-5.4058,-17.1]
[-0.65,-6.0916,-17.1]
[-0.65,-6.7774,-17.1]
[-0.65,-7.4632,-17.1]
[-0.65,-8.149,-17.1]
[-0.65,-8.8348,-17.1]
[-0.65,-9.5206,-17.1]
[-0.65,-10.2064,-17.1]
[-0.65,-10.8922,-17.1]
[-0.65,-11.578,-17.1]
[-0.65,-11.578,-17.1]
[-0.65,-11.578,-17.1]
[-0.65,-11.578,-17.1]
[-0.65,-11.578,-17.1]
[-0.65,-11.578,-17.1]
[-0.65,-11.578,-17.1]
[-0.65,-11.578,-17.1]
[-0.65,-11.578,-17.1]
[-0.65,-11.578,-17.1]
[-0.65,-11.578,-17.1]
[-0.65,-11.578,-17.1]
[-0.65,-11.578,-17.1]
[-0.65,-11.578,-17.1]
[-0.65,-11.578,-17.1]
[-0.65,-11.578,-17.1]
[-0.65,-10.5983,-17.1]
[-0.65,-9.61857,-17.1]
[-0.65,-8.63886,-17.1]
[-0.65,-7.65914,-17.1]
[-0.65,-6.67943,-17.1]
[-0.65,-5.69971,-17.1]
[-0.65,-4.72,-17.1]
[-0.65,-4.72,-17.1]
[-0.65,-4.72,-17.1]
[-0.65,-4.72,-17.1]
[-0.65,-4.72,-17.1]
[-0.65,-4.72,-17.1]
[-0.65,-4.72,-17.1]
[-0.65,-4.72,-17.1]
[-0.65,-4.72,-17.1]
[-0.65,-4.72,-17.1]
[-0.65,-4.72,-17.1]
[-0.65,-4.72,-17.1]
[-0.65,-4.72,-17.1]
[-0.65,-4.72,-17.1]
[-0.65,-4.72,-17.1]
[-0.65,-4.72,-17.1]
[-0.65,-4.72,-17.1]
[-0.65,-4.72,-17.1]
[-0.65,-4.72,-17.1]
[0,-0,0]
[0,0,0]
[0,0,0]
[0,0,0]
[0,0,0]
[0,0,0]
[0,0,0]
[0,0,0]
[0,0,0]
[0,0,0]
[0,0,0]
[0,0,0]
[0,0,0]
[0,0,0]
[0,0,0]
[0,0,0]
[0,0,0]
[0,0,0]
[0,0,0]
[0,0,0]
[0,0,0]
[0,0,0]
[0,0,0]
[0,0,0]
[0,0,0]
[0,0,0]
[0,0,0]
[0,0,0]
[0,0,0]
[0,0,0]
[0,0,0]
[0,0,0]
[0,0,0]
[0,0,0]
[0,0,0]
[0,0,0]
[0,0,0]
[0,0,0]
[0,0,0]
[0,0,0]
[0,0,0]
[0,0,0]
[0,0,0]
[0,0,0]
[0,0,0]
[0,0,0]
[0,0,0]
[0,0,0]
[0,0,0]
[0,0,0]
[0,0,0]
[0,0,0]
[0,0,0]
[0,0,0]
[0,0,0]
[0,0,0]
[0,0,0]
[0,0,0]
[0,0,0]
[0,0,0]
[0,0,0]
[0,0,0]
[0,0,0]
[0,0,0]
[0,0,0]
[0,0,0]
[0,0,0]
[0,0,0]
[0,0,0]
[0,0,0]
[0,0,0]
[0,0,0]
[0,0,0]
[0,0,0]
[0,0,0]
[0,0,0]
[0,0,0]
[0,0,0]
[0,0,0]
[0,0,0]
[0,0,0]