81
10
[1.45,-4,2.8]
[1.45,-4,2.8]
[1.45,-4,2.8]
[1.45,-4,2.8]
[1.45,-4,2.8]
[1.45,-4,2.8]
[1.45,-4,2.8]
[1.45,-4,2.8]
[1.45,-4,2.8]
[1.45,-4,2.8]
[1.45,-4,2.8]
[1.45,-4,2.595]
[1.45,-4,2.39]
[1.45,-4,2.185]
[1.45,-4,1.98]
[1.45,-4,1.775]
[1.45,-4,1.57]
[1.45,-4,1.365]
[1.45,-4,1.16]
[1.45,-4,0.955]
[1.45,-4,0.75]
[1.45,-4,0.75]
[1.45,-4,0.75]
[1.45,-4,0.75]
[1.45,-4,0.75]
[1.45,-4,0.75]
[1.45,-4,0.75]
[1.45,-4,0.75]
[1.45,-4,0.75]
[1.45,-4,0.75]
[1.45,-4,0.75]
[1.45,-4,0.75]
[1.45,-4,0.75]
[1.45,-4,0.75]
[1.45,-4,0.75]
[1.45,-4,0.75]
[1.45,-4,0.75]
[1.45,-4,0.75]
[1.45,-4,0.75]
[1.45,-4,0.75]
[1.45,-4,0.75]
[1.45,-4,0.75]
[1.45,-4,0.75]
[1.45,-4,0.75]
[1.45,-4,0.75]
[1.45,-4,0.75]
[1.45,-4,0.75]
[1.45,-4,0.75]
[1.45,-4,0.75]
[1.45,-4,0.75]
[1.45,-4,0.75]
[1.45,-4,0.75]
[1.45,-4,0.75]
[1.45,-4,0.75]
[1.45,-4,0.75]
[1.45,-4,0.75]
[1.45,-4,0.75]
[1.45,-4,0.75]
[1.45,-4,0.75]
[1.45,-4,0.75]
[1.45,-4,0.75]
[1.45,-4,0.955]
[1.45,-4,1.16]
[1.45,-4,1.365]
[1.45,-4,1.57]
[1.45,-4,1.775]
[1.45,-4,1.98]
[1.45,-4,2.185]
[1.45,-4,2.39]
[1.45,-4,2.595]
[1.45,-4,2.8]
[1.45,-4,2.8]
[1.45,-4,2.8]
[1.45,-4,2.8]
[1.45,-4,2.8]
[1.45,-4,2.8]
[1.45,-4,2.8]
[1.45,-4,2.8]
[1.45,-4,2.8]
[1.45,-4,2.8]
[1.45,-4,2.8]
[0,-0,0]
[0,0,0]
[0,0,0]
[0,0,0]
[0,0,0]
[0,0,0]
[0,0,0]
[0,0,0]
[0,0,0]
[0,0,0]
[0,0,0]
[0,0,0]
[0,0,0]
[0,0,0]
[0,0,0]
[0,0,0]
[0,0,0]
[0,0,0]
[0,0,0]
[0,0,0]
[0,0,0]
[0,0,0]
[0,0,0]
[0,0,0]
[0,0,0]
[0,0,0]
[0,0,0]
[0,0,0]
[0,0,0]
[0,0,0]
[0,0,0]
[0,0,0]
[0,0,0]
[0,0,0]
[0,0,0]
[0,0,0]
[0,0,0]
[0,0,0]
[0,0,0]
[0,0,0]
[0,0,0]
[0,0,0]
[0,0,0]
[0,0,0]
[0,0,0]
[0,0,0]
[0,0,0]
[0,0,0]
[0,0,0]
[0,0,0]
[0,0,0]
[0,0,0]
[0,0,0]
[0,0,0]
[0,0,0]
[0,0,0]
[0,0,0]
[0,0,0]
[0,0,0]
[0,0,0]
[0,0,0]
[0,0,0]
[0,0,0]
[0,0,0]
[0,0,0]
[0,0,0]
[0,0,0]
[0,0,0]
[0,0,0]
[0,0,0]
[0,0,0]
[0,0,0]
[0,0,0]
[0,0,0]
[0,0,0]
[0,0,0]
[0,0,0]
[0,0,0]
[0,0,0]
[0,0,0]
[0,0,0]