81
10
[-0.65,-5.12,-17.1]
[-0.65,-5.12,-17.1]
[-0.65,-5.12,-17.1]
[-0.65,-5.12,-17.1]
[-0.65,-5.12,-17.1]
[-0.65,-5.12,-17.1]
[-0.65,-5.12,-17.1]
[-0.65,-5.12,-17.1]
[-0.65,-5.12,-17.1]
[-0.65,-5.12,-17.1]
[-0.65,-5.12,-17.1]
[-0.65,-5.12,-17.1]
[-0.65,-5.12,-17.1]
[-0.65,-5.12,-17.1]
[-0.65,-5.12,-17.1]
[-0.65,-5.12,-17.1]
[-0.65,-5.12,-17.1]
[-0.65,-5.12,-17.1]
[-0.65,-5.12,-17.1]
[-0.65,-5.12,-17.1]
[-0.65,-5.12,-17.1]
[-0.65,-5.12,-17.1]
[-0.65,-5.12,-17.1]
[-0.65,-5.12,-17.1]
[-0.65,-5.12,-17.1]
[-0.65,-5.12,-17.1]
[-0.65,-5.12,-17.1]
[-0.65,-5.12,-17.1]
[-0.65,-5.12,-17.1]
[-0.65,-5.12,-17.1]
[-0.65,-5.12,-17.1]
[-0.65,-5.8105,-17.1]
[-0.65,-6.501,-17.1]
[-0.65,-7.1915,-17.1]
[-0.65,-7.882,-17.1]
[-0.65,-8.5725,-17.1]
[-0.65,-9.263,-17.1]
[-0.65,-9.9535,-17.1]
[-0.65,-10.644,-17.1]
[-0.65,-11.3345,-17.1]
[-0.65,-12.025,-17.1]
[-0.65,-12.025,-17.1]
[-0.65,-12.025,-17.1]
[-0.65,-12.025,-17.1]
[-0.65,-12.025,-17.1]
[-0.65,-12.025,-17.1]
[-0.65,-12.025,-17.1]
[-0.65,-12.025,-17.1]
[-0.65,-12.025,-17.1]
[-0.65,-12.025,-17.1]
[-0.65,-12.025,-17.1]
[-0.65,-12.025,-17.1]
[-0.65,-12.025,-17.1]
[-0.65,-12.025,-17.1]
[-0.65,-12.025,-17.1]
[-0.65,-12.025,-17.1]
[-0.65,-11.0386,-17.1]
[-0.65,-10.0521,-17.1]
[-0.65,-9.06571,-17.1]
[-0.65,-8.07929,-17.1]
[-0.65,-7.09286,-17.1]
[-0.65,-6.10643,-17.1]
[-0.65,-5.12,-17.1]
[-0.65,-5.12,-17.1]
[-0.65,-5.12,-17.1]
[-0.65,-5.12,-17.1]
[-0.65,-5.12,-17.1]
[-0.65,-5.12,-17.1]
[-0.65,-5.12,-17.1]
[-0.65,-5.12,-17.1]
[-0.65,-5.12,-17.1]
[-0.65,-5.12,-17.1]
[-0.65,-5.12,-17.1]
[-0.65,-5.12,-17.1]
[-0.65,-5.12,-17.1]
[-0.65,-5.12,-17.1]
[-0.65,-5.12,-17.1]
[-0.65,-5.12,-17.1]
[-0.65,-5.12,-17.1]
[-0.65,-5.12,-17.1]
[-0.65,-5.12,-17.1]
[0,-0,0]
[0,0,0]
[0,0,0]
[0,0,0]
[0,0,0]
[0,0,0]
[0,0,0]
[0,0,0]
[0,0,0]
[0,0,0]
[0,0,0]
[0,0,0]
[0,0,0]
[0,0,0]
[0,0,0]
[0,0,0]
[0,0,0]
[0,0,0]
[0,0,0]
[0,0,0]
[0,0,0]
[0,0,0]
[0,0,0]
[0,0,0]
[0,0,0]
[0,0,0]
[0,0,0]
[0,0,0]
[0,0,0]
[0,0,0]
[0,0,0]
[0,0,0]
[0,0,0]
[0,0,0]
[0,0,0]
[0,0,0]
[0,0,0]
[0,0,0]
[0,0,0]
[0,0,0]
[0,0,0]
[0,0,0]
[0,0,0]
[0,0,0]
[0,0,0]
[0,0,0]
[0,0,0]
[0,0,0]
[0,0,0]
[0,0,0]
[0,0,0]
[0,0,0]
[0,0,0]
[0,0,0]
[0,0,0]
[0,0,0]
[0,0,0]
[0,0,0]
[0,0,0]
[0,0,0]
[0,0,0]
[0,0,0]
[0,0,0]
[0,0,0]
[0,0,0]
[0,0,0]
[0,0,0]
[0,0,0]
[0,0,0]
[0,0,0]
[0,0,0]
[0,0,0]
[0,0,0]
[0,0,0]
[0,0,0]
[0,0,0]
[0,0,0]
[0,0,0]
[0,0,0]
[0,0,0]
[0,0,0]