81
10
[1.45,-4,-2.7]
[1.45,-4,-2.7]
[1.45,-4,-2.7]
[1.45,-4,-2.7]
[1.45,-4,-2.7]
[1.45,-4,-2.7]
[1.45,-4,-2.7]
[1.45,-4,-2.7]
[1.45,-4,-2.7]
[1.45,-4,-2.7]
[1.45,-4,-2.7]
[1.45,-4,-2.5]
[1.45,-4,-2.3]
[1.45,-4,-2.1]
[1.45,-4,-1.9]
[1.45,-4,-1.7]
[1.45,-4,-1.5]
[1.45,-4,-1.3]
[1.45,-4,-1.1]
[1.45,-4,-0.9]
[1.45,-4,-0.7]
[1.45,-4,-0.7]
[1.45,-4,-0.7]
[1.45,-4,-0.7]
[1.45,-4,-0.7]
[1.45,-4,-0.7]
[1.45,-4,-0.7]
[1.45,-4,-0.7]
[1.45,-4,-0.7]
[1.45,-4,-0.7]
[1.45,-4,-0.7]
[1.45,-4,-0.7]
[1.45,-4,-0.7]
[1.45,-4,-0.7]
[1.45,-4,-0.7]
[1.45,-4,-0.7]
[1.45,-4,-0.7]
[1.45,-4,-0.7]
[1.45,-4,-0.7]
[1.45,-4,-0.7]
[1.45,-4,-0.7]
[1.45,-4,-0.7]
[1.45,-4,-0.7]
[1.45,-4,-0.7]
[1.45,-4,-0.7]
[1.45,-4,-0.7]
[1.45,-4,-0.7]
[1.45,-4,-0.7]
[1.45,-4,-0.7]
[1.45,-4,-0.7]
[1.45,-4,-0.7]
[1.45,-4,-0.7]
[1.45,-4,-0.7]
[1.45,-4,-0.7]
[1.45,-4,-0.7]
[1.45,-4,-0.7]
[1.45,-4,-0.7]
[1.45,-4,-0.7]
[1.45,-4,-0.7]
[1.45,-4,-0.7]
[1.45,-4,-0.7]
[1.45,-4,-0.9]
[1.45,-4,-1.1]
[1.45,-4,-1.3]
[1.45,-4,-1.5]
[1.45,-4,-1.7]
[1.45,-4,-1.9]
[1.45,-4,-2.1]
[1.45,-4,-2.3]
[1.45,-4,-2.5]
[1.45,-4,-2.7]
[1.45,-4,-2.7]
[1.45,-4,-2.7]
[1.45,-4,-2.7]
[1.45,-4,-2.7]
[1.45,-4,-2.7]
[1.45,-4,-2.7]
[1.45,-4,-2.7]
[1.45,-4,-2.7]
[1.45,-4,-2.7]
[1.45,-4,-2.7]
[0,-0,0]
[0,0,0]
[0,0,0]
[0,0,0]
[0,0,0]
[0,0,0]
[0,0,0]
[0,0,0]
[0,0,0]
[0,0,0]
[0,0,0]
[0,0,0]
[0,0,0]
[0,0,0]
[0,0,0]
[0,0,0]
[0,0,0]
[0,0,0]
[0,0,0]
[0,0,0]
[0,0,0]
[0,0,0]
[0,0,0]
[0,0,0]
[0,0,0]
[0,0,0]
[0,0,0]
[0,0,0]
[0,0,0]
[0,0,0]
[0,0,0]
[0,0,0]
[0,0,0]
[0,0,0]
[0,0,0]
[0,0,0]
[0,0,0]
[0,0,0]
[0,0,0]
[0,0,0]
[0,0,0]
[0,0,0]
[0,0,0]
[0,0,0]
[0,0,0]
[0,0,0]
[0,0,0]
[0,0,0]
[0,0,0]
[0,0,0]
[0,0,0]
[0,0,0]
[0,0,0]
[0,0,0]
[0,0,0]
[0,0,0]
[0,0,0]
[0,0,0]
[0,0,0]
[0,0,0]
[0,0,0]
[0,0,0]
[0,0,0]
[0,0,0]
[0,0,0]
[0,0,0]
[0,0,0]
[0,0,0]
[0,0,0]
[0,0,0]
[0,0,0]
[0,0,0]
[0,0,0]
[0,0,0]
[0,0,0]
[0,0,0]
[0,0,0]
[0,0,0]
[0,0,0]
[0,0,0]
[0,0,0]