81
10
[-0.65,-4.8,-17.1]
[-0.65,-4.8,-17.1]
[-0.65,-4.8,-17.1]
[-0.65,-4.8,-17.1]
[-0.65,-4.8,-17.1]
[-0.65,-4.8,-17.1]
[-0.65,-4.8,-17.1]
[-0.65,-4.8,-17.1]
[-0.65,-4.8,-17.1]
[-0.65,-4.8,-17.1]
[-0.65,-4.8,-17.1]
[-0.65,-4.8,-17.1]
[-0.65,-4.8,-17.1]
[-0.65,-4.8,-17.1]
[-0.65,-4.8,-17.1]
[-0.65,-4.8,-17.1]
[-0.65,-4.8,-17.1]
[-0.65,-4.8,-17.1]
[-0.65,-4.8,-17.1]
[-0.65,-4.8,-17.1]
[-0.65,-4.8,-17.1]
[-0.65,-4.8,-17.1]
[-0.65,-4.8,-17.1]
[-0.65,-4.8,-17.1]
[-0.65,-4.8,-17.1]
[-0.65,-4.8,-17.1]
[-0.65,-4.8,-17.1]
[-0.65,-4.8,-17.1]
[-0.65,-4.8,-17.1]
[-0.65,-4.8,-17.1]
[-0.65,-4.8,-17.1]
[-0.65,-5.4494,-17.1]
[-0.65,-6.0988,-17.1]
[-0.65,-6.7482,-17.1]
[-0.65,-7.3976,-17.1]
[-0.65,-8.047,-17.1]
[-0.65,-8.6964,-17.1]
[-0.65,-9.3458,-17.1]
[-0.65,-9.9952,-17.1]
[-0.65,-10.6446,-17.1]
[-0.65,-11.294,-17.1]
[-0.65,-11.294,-17.1]
[-0.65,-11.294,-17.1]
[-0.65,-11.294,-17.1]
[-0.65,-11.294,-17.1]
[-0.65,-11.294,-17.1]
[-0.65,-11.294,-17.1]
[-0.65,-11.294,-17.1]
[-0.65,-11.294,-17.1]
[-0.65,-11.294,-17.1]
[-0.65,-11.294,-17.1]
[-0.65,-11.294,-17.1]
[-0.65,-11.294,-17.1]
[-0.65,-11.294,-17.1]
[-0.65,-11.294,-17.1]
[-0.65,-11.294,-17.1]
[-0.65,-10.3663,-17.1]
[-0.65,-9.43857,-17.1]
[-0.65,-8.51086,-17.1]
[-0.65,-7.58314,-17.1]
[-0.65,-6.65543,-17.1]
[-0.65,-5.72771,-17.1]
[-0.65,-4.8,-17.1]
[-0.65,-4.8,-17.1]
[-0.65,-4.8,-17.1]
[-0.65,-4.8,-17.1]
[-0.65,-4.8,-17.1]
[-0.65,-4.8,-17.1]
[-0.65,-4.8,-17.1]
[-0.65,-4.8,-17.1]
[-0.65,-4.8,-17.1]
[-0.65,-4.8,-17.1]
[-0.65,-4.8,-17.1]
[-0.65,-4.8,-17.1]
[-0.65,-4.8,-17.1]
[-0.65,-4.8,-17.1]
[-0.65,-4.8,-17.1]
[-0.65,-4.8,-17.1]
[-0.65,-4.8,-17.1]
[-0.65,-4.8,-17.1]
[-0.65,-4.8,-17.1]
[0,-0,0]
[0,0,0]
[0,0,0]
[0,0,0]
[0,0,0]
[0,0,0]
[0,0,0]
[0,0,0]
[0,0,0]
[0,0,0]
[0,0,0]
[0,0,0]
[0,0,0]
[0,0,0]
[0,0,0]
[0,0,0]
[0,0,0]
[0,0,0]
[0,0,0]
[0,0,0]
[0,0,0]
[0,0,0]
[0,0,0]
[0,0,0]
[0,0,0]
[0,0,0]
[0,0,0]
[0,0,0]
[0,0,0]
[0,0,0]
[0,0,0]
[0,0,0]
[0,0,0]
[0,0,0]
[0,0,0]
[0,0,0]
[0,0,0]
[0,0,0]
[0,0,0]
[0,0,0]
[0,0,0]
[0,0,0]
[0,0,0]
[0,0,0]
[0,0,0]
[0,0,0]
[0,0,0]
[0,0,0]
[0,0,0]
[0,0,0]
[0,0,0]
[0,0,0]
[0,0,0]
[0,0,0]
[0,0,0]
[0,0,0]
[0,0,0]
[0,0,0]
[0,0,0]
[0,0,0]
[0,0,0]
[0,0,0]
[0,0,0]
[0,0,0]
[0,0,0]
[0,0,0]
[0,0,0]
[0,0,0]
[0,0,0]
[0,0,0]
[0,0,0]
[0,0,0]
[0,0,0]
[0,0,0]
[0,0,0]
[0,0,0]
[0,0,0]
[0,0,0]
[0,0,0]
[0,0,0]
[0,0,0]