81
10
[1.45,-4,-3.3]
[1.45,-4,-3.3]
[1.45,-4,-3.3]
[1.45,-4,-3.3]
[1.45,-4,-3.3]
[1.45,-4,-3.3]
[1.45,-4,-3.3]
[1.45,-4,-3.3]
[1.45,-4,-3.3]
[1.45,-4,-3.3]
[1.45,-4,-3.3]
[1.45,-4,-3.12]
[1.45,-4,-2.94]
[1.45,-4,-2.76]
[1.45,-4,-2.58]
[1.45,-4,-2.4]
[1.45,-4,-2.22]
[1.45,-4,-2.04]
[1.45,-4,-1.86]
[1.45,-4,-1.68]
[1.45,-4,-1.5]
[1.45,-4,-1.5]
[1.45,-4,-1.5]
[1.45,-4,-1.5]
[1.45,-4,-1.5]
[1.45,-4,-1.5]
[1.45,-4,-1.5]
[1.45,-4,-1.5]
[1.45,-4,-1.5]
[1.45,-4,-1.5]
[1.45,-4,-1.5]
[1.45,-4,-1.5]
[1.45,-4,-1.5]
[1.45,-4,-1.5]
[1.45,-4,-1.5]
[1.45,-4,-1.5]
[1.45,-4,-1.5]
[1.45,-4,-1.5]
[1.45,-4,-1.5]
[1.45,-4,-1.5]
[1.45,-4,-1.5]
[1.45,-4,-1.5]
[1.45,-4,-1.5]
[1.45,-4,-1.5]
[1.45,-4,-1.5]
[1.45,-4,-1.5]
[1.45,-4,-1.5]
[1.45,-4,-1.5]
[1.45,-4,-1.5]
[1.45,-4,-1.5]
[1.45,-4,-1.5]
[1.45,-4,-1.5]
[1.45,-4,-1.5]
[1.45,-4,-1.5]
[1.45,-4,-1.5]
[1.45,-4,-1.5]
[1.45,-4,-1.5]
[1.45,-4,-1.5]
[1.45,-4,-1.5]
[1.45,-4,-1.5]
[1.45,-4,-1.5]
[1.45,-4,-1.68]
[1.45,-4,-1.86]
[1.45,-4,-2.04]
[1.45,-4,-2.22]
[1.45,-4,-2.4]
[1.45,-4,-2.58]
[1.45,-4,-2.76]
[1.45,-4,-2.94]
[1.45,-4,-3.12]
[1.45,-4,-3.3]
[1.45,-4,-3.3]
[1.45,-4,-3.3]
[1.45,-4,-3.3]
[1.45,-4,-3.3]
[1.45,-4,-3.3]
[1.45,-4,-3.3]
[1.45,-4,-3.3]
[1.45,-4,-3.3]
[1.45,-4,-3.3]
[1.45,-4,-3.3]
[0,-0,0]
[0,0,0]
[0,0,0]
[0,0,0]
[0,0,0]
[0,0,0]
[0,0,0]
[0,0,0]
[0,0,0]
[0,0,0]
[0,0,0]
[0,0,0]
[0,0,0]
[0,0,0]
[0,0,0]
[0,0,0]
[0,0,0]
[0,0,0]
[0,0,0]
[0,0,0]
[0,0,0]
[0,0,0]
[0,0,0]
[0,0,0]
[0,0,0]
[0,0,0]
[0,0,0]
[0,0,0]
[0,0,0]
[0,0,0]
[0,0,0]
[0,0,0]
[0,0,0]
[0,0,0]
[0,0,0]
[0,0,0]
[0,0,0]
[0,0,0]
[0,0,0]
[0,0,0]
[0,0,0]
[0,0,0]
[0,0,0]
[0,0,0]
[0,0,0]
[0,0,0]
[0,0,0]
[0,0,0]
[0,0,0]
[0,0,0]
[0,0,0]
[0,0,0]
[0,0,0]
[0,0,0]
[0,0,0]
[0,0,0]
[0,0,0]
[0,0,0]
[0,0,0]
[0,0,0]
[0,0,0]
[0,0,0]
[0,0,0]
[0,0,0]
[0,0,0]
[0,0,0]
[0,0,0]
[0,0,0]
[0,0,0]
[0,0,0]
[0,0,0]
[0,0,0]
[0,0,0]
[0,0,0]
[0,0,0]
[0,0,0]
[0,0,0]
[0,0,0]
[0,0,0]
[0,0,0]
[0,0,0]