81
10
[-12.075,7.65,-7.588]
[-12.075,7.65,-7.588]
[-12.075,7.65,-7.588]
[-12.075,7.65,-7.588]
[-12.075,7.65,-7.588]
[-12.075,7.65,-7.588]
[-12.075,7.65,-7.588]
[-12.075,7.65,-7.588]
[-12.075,7.65,-7.588]
[-12.075,7.65,-7.588]
[-12.075,7.65,-7.588]
[-12.075,7.65,-7.588]
[-12.075,7.65,-7.588]
[-12.075,7.65,-7.588]
[-12.075,7.65,-7.588]
[-12.075,7.65,-7.588]
[-12.075,7.65,-7.588]
[-12.075,7.65,-7.588]
[-12.075,7.65,-7.588]
[-12.075,7.65,-7.588]
[-12.075,7.65,-7.588]
[-12.075,7.65,-7.588]
[-12.075,7.65,-7.588]
[-12.075,7.65,-7.588]
[-12.075,7.65,-7.588]
[-12.075,7.65,-7.588]
[-12.075,7.65,-7.588]
[-12.075,7.65,-7.588]
[-12.075,7.65,-7.588]
[-12.075,7.65,-7.588]
[-12.075,7.65,-7.588]
[-12.075,7.65,-7.8365]
[-12.075,7.65,-8.085]
[-12.075,7.65,-8.3335]
[-12.075,7.65,-8.582]
[-12.075,7.65,-8.8305]
[-12.075,7.65,-9.079]
[-12.075,7.65,-9.3275]
[-12.075,7.65,-9.576]
[-12.075,7.65,-9.8245]
[-12.075,7.65,-10.073]
[-12.075,7.65,-10.073]
[-12.075,7.65,-10.073]
[-12.075,7.65,-10.073]
[-12.075,7.65,-10.073]
[-12.075,7.65,-10.073]
[-12.075,7.65,-10.073]
[-12.075,7.65,-10.073]
[-12.075,7.65,-10.073]
[-12.075,7.65,-10.073]
[-12.075,7.65,-10.073]
[-12.075,7.65,-10.073]
[-12.075,7.65,-10.073]
[-12.075,7.65,-10.073]
[-12.075,7.65,-10.073]
[-12.075,7.65,-10.073]
[-12.075,7.65,-10.073]
[-12.075,7.65,-10.073]
[-12.075,7.65,-10.073]
[-12.075,7.65,-10.073]
[-12.075,7.65,-10.073]
[-12.075,7.65,-10.073]
[-12.075,7.65,-10.073]
[-12.075,7.65,-10.073]
[-12.075,7.65,-10.073]
[-12.075,7.65,-10.073]
[-12.075,7.65,-10.073]
[-12.075,7.65,-10.073]
[-12.075,7.65,-10.073]
[-12.075,7.65,-10.073]
[-12.075,7.65,-10.073]
[-12.075,7.65,-9.8245]
[-12.075,7.65,-9.576]
[-12.075,7.65,-9.3275]
[-12.075,7.65,-9.079]
[-12.075,7.65,-8.8305]
[-12.075,7.65,-8.582]
[-12.075,7.65,-8.3335]
[-12.075,7.65,-8.085]
[-12.075,7.65,-7.8365]
[-12.075,7.65,-7.588]
[0,-0,0]
[0,0,0]
[0,0,0]
[0,0,0]
[0,0,0]
[0,0,0]
[0,0,0]
[0,0,0]
[0,0,0]
[0,0,0]
[0,0,0]
[0,0,0]
[0,0,0]
[0,0,0]
[0,0,0]
[0,0,0]
[0,0,0]
[0,0,0]
[0,0,0]
[0,0,0]
[0,0,0]
[0,0,0]
[0,0,0]
[0,0,0]
[0,0,0]
[0,0,0]
[0,0,0]
[0,0,0]
[0,0,0]
[0,0,0]
[0,0,0]
[0,0,0]
[0,0,0]
[0,0,0]
[0,0,0]
[0,0,0]
[0,0,0]
[0,0,0]
[0,0,0]
[0,0,0]
[0,0,0]
[0,0,0]
[0,0,0]
[0,0,0]
[0,0,0]
[0,0,0]
[0,0,0]
[0,0,0]
[0,0,0]
[0,0,0]
[0,0,0]
[0,0,0]
[0,0,0]
[0,0,0]
[0,0,0]
[0,0,0]
[0,0,0]
[0,0,0]
[0,0,0]
[0,0,0]
[0,0,0]
[0,0,0]
[0,0,0]
[0,0,0]
[0,0,0]
[0,0,0]
[0,0,0]
[0,0,0]
[0,0,0]
[0,0,0]
[0,0,0]
[0,0,0]
[0,0,0]
[0,0,0]
[0,0,0]
[0,0,0]
[0,0,0]
[0,0,0]
[0,0,0]
[0,0,0]
[0,0,0]