81
10
[1.795,36.9,2.663]
[1.795,36.9,2.663]
[1.795,36.9,2.663]
[1.795,36.9,2.663]
[1.795,36.9,2.663]
[1.795,36.9,2.663]
[1.795,36.9,2.663]
[1.795,36.9,2.663]
[1.795,36.9,2.663]
[1.795,36.9,2.663]
[1.795,36.9,2.663]
[1.795,36.9,2.663]
[1.795,36.9,2.663]
[1.795,36.9,2.663]
[1.795,36.9,2.663]
[1.795,36.9,2.663]
[3.7455,36.9,2.663]
[5.696,36.9,2.663]
[7.6465,36.9,2.663]
[9.597,36.9,2.663]
[11.5475,36.9,2.663]
[13.498,36.9,2.663]
[15.4485,36.9,2.663]
[17.399,36.9,2.663]
[19.3495,36.9,2.663]
[21.3,36.9,2.663]
[21.3,36.9,2.663]
[21.3,36.9,2.663]
[21.3,36.9,2.663]
[21.3,36.9,2.663]
[21.3,36.9,2.663]
[21.3,36.9,2.663]
[21.3,36.9,2.663]
[21.3,36.9,2.663]
[21.3,36.9,2.663]
[21.3,36.9,2.663]
[21.3,36.9,2.663]
[21.3,36.9,2.663]
[21.3,36.9,2.663]
[21.3,36.9,2.663]
[21.3,36.9,2.663]
[21.3,36.9,2.663]
[21.3,36.9,2.663]
[21.3,36.9,2.663]
[21.3,36.9,2.663]
[21.3,36.9,2.663]
[21.3,36.9,2.663]
[21.3,36.9,2.663]
[21.3,36.9,2.663]
[21.3,36.9,2.663]
[21.3,36.9,2.663]
[21.3,36.9,2.663]
[21.3,36.9,2.663]
[21.3,36.9,2.663]
[21.3,36.9,2.663]
[21.3,36.9,2.663]
[21.3,36.9,2.663]
[21.3,36.9,2.663]
[21.3,36.9,2.663]
[21.3,36.9,2.663]
[21.3,36.9,2.663]
[21.3,36.9,2.663]
[21.3,36.9,2.663]
[21.3,36.9,2.663]
[21.3,36.9,2.663]
[21.3,36.9,2.663]
[21.3,36.9,2.663]
[21.3,36.9,2.663]
[21.3,36.9,2.663]
[21.3,36.9,2.663]
[21.3,36.9,2.663]
[19.3495,36.9,2.663]
[17.399,36.9,2.663]
[15.4485,36.9,2.663]
[13.498,36.9,2.663]
[11.5475,36.9,2.663]
[9.597,36.9,2.663]
[7.6465,36.9,2.663]
[5.696,36.9,2.663]
[3.7455,36.9,2.663]
[1.795,36.9,2.663]
[0,-0,0]
[0,0,0]
[0,0,0]
[0,0,0]
[0,0,0]
[0,0,0]
[0,0,0]
[0,0,0]
[0,0,0]
[0,0,0]
[0,0,0]
[0,0,0]
[0,0,0]
[0,0,0]
[0,0,0]
[0,0,0]
[0,0,0]
[0,0,0]
[0,0,0]
[0,0,0]
[0,0,0]
[0,0,0]
[0,0,0]
[0,0,0]
[0,0,0]
[0,0,0]
[0,0,0]
[0,0,0]
[0,0,0]
[0,0,0]
[0,0,0]
[0,0,0]
[0,0,0]
[0,0,0]
[0,0,0]
[0,0,0]
[0,0,0]
[0,0,0]
[0,0,0]
[0,0,0]
[0,0,0]
[0,0,0]
[0,0,0]
[0,0,0]
[0,0,0]
[0,0,0]
[0,0,0]
[0,0,0]
[0,0,0]
[0,0,0]
[0,0,0]
[0,0,0]
[0,0,0]
[0,0,0]
[0,0,0]
[0,0,0]
[0,0,0]
[0,0,0]
[0,0,0]
[0,0,0]
[0,0,0]
[0,0,0]
[0,0,0]
[0,0,0]
[0,0,0]
[0,0,0]
[0,0,0]
[0,0,0]
[0,0,0]
[0,0,0]
[0,0,0]
[0,0,0]
[0,0,0]
[0,0,0]
[0,0,0]
[0,0,0]
[0,0,0]
[0,0,0]
[0,0,0]
[0,0,0]
[0,0,0]