81
10
[1.45,-4,-3.8]
[1.45,-4,-3.8]
[1.45,-4,-3.8]
[1.45,-4,-3.8]
[1.45,-4,-3.8]
[1.45,-4,-3.8]
[1.45,-4,-3.8]
[1.45,-4,-3.8]
[1.45,-4,-3.8]
[1.45,-4,-3.8]
[1.45,-4,-3.8]
[1.45,-4,-3.73]
[1.45,-4,-3.66]
[1.45,-4,-3.59]
[1.45,-4,-3.52]
[1.45,-4,-3.45]
[1.45,-4,-3.45]
[1.45,-4,-3.45]
[1.45,-4,-3.45]
[1.45,-4,-3.45]
[1.45,-4,-3.45]
[1.45,-4,-3.45]
[1.45,-4,-3.45]
[1.45,-4,-3.45]
[1.45,-4,-3.45]
[1.45,-4,-3.45]
[1.45,-4,-3.45]
[1.45,-4,-3.45]
[1.45,-4,-3.45]
[1.45,-4,-3.45]
[1.45,-4,-3.45]
[1.45,-4,-3.45]
[1.45,-4,-3.45]
[1.45,-4,-3.45]
[1.45,-4,-3.45]
[1.45,-4,-3.45]
[1.45,-4,-3.45]
[1.45,-4,-3.45]
[1.45,-4,-3.45]
[1.45,-4,-3.45]
[1.45,-4,-3.45]
[1.45,-4,-3.45]
[1.45,-4,-3.45]
[1.45,-4,-3.45]
[1.45,-4,-3.45]
[1.45,-4,-3.45]
[1.45,-4,-3.45]
[1.45,-4,-3.45]
[1.45,-4,-3.45]
[1.45,-4,-3.45]
[1.45,-4,-3.45]
[1.45,-4,-3.45]
[1.45,-4,-3.45]
[1.45,-4,-3.45]
[1.45,-4,-3.45]
[1.45,-4,-3.45]
[1.45,-4,-3.45]
[1.45,-4,-3.45]
[1.45,-4,-3.45]
[1.45,-4,-3.45]
[1.45,-4,-3.45]
[1.45,-4,-3.485]
[1.45,-4,-3.52]
[1.45,-4,-3.555]
[1.45,-4,-3.59]
[1.45,-4,-3.625]
[1.45,-4,-3.66]
[1.45,-4,-3.695]
[1.45,-4,-3.73]
[1.45,-4,-3.765]
[1.45,-4,-3.8]
[1.45,-4,-3.8]
[1.45,-4,-3.8]
[1.45,-4,-3.8]
[1.45,-4,-3.8]
[1.45,-4,-3.8]
[1.45,-4,-3.8]
[1.45,-4,-3.8]
[1.45,-4,-3.8]
[1.45,-4,-3.8]
[1.45,-4,-3.8]
[0,-0,0]
[0,0,0]
[0,0,0]
[0,0,0]
[0,0,0]
[0,0,0]
[0,0,0]
[0,0,0]
[0,0,0]
[0,0,0]
[0,0,0]
[0,0,0]
[0,0,0]
[0,0,0]
[0,0,0]
[0,0,0]
[0,0,0]
[0,0,0]
[0,0,0]
[0,0,0]
[0,0,0]
[0,0,0]
[0,0,0]
[0,0,0]
[0,0,0]
[0,0,0]
[0,0,0]
[0,0,0]
[0,0,0]
[0,0,0]
[0,0,0]
[0,0,0]
[0,0,0]
[0,0,0]
[0,0,0]
[0,0,0]
[0,0,0]
[0,0,0]
[0,0,0]
[0,0,0]
[0,0,0]
[0,0,0]
[0,0,0]
[0,0,0]
[0,0,0]
[0,0,0]
[0,0,0]
[0,0,0]
[0,0,0]
[0,0,0]
[0,0,0]
[0,0,0]
[0,0,0]
[0,0,0]
[0,0,0]
[0,0,0]
[0,0,0]
[0,0,0]
[0,0,0]
[0,0,0]
[0,0,0]
[0,0,0]
[0,0,0]
[0,0,0]
[0,0,0]
[0,0,0]
[0,0,0]
[0,0,0]
[0,0,0]
[0,0,0]
[0,0,0]
[0,0,0]
[0,0,0]
[0,0,0]
[0,0,0]
[0,0,0]
[0,0,0]
[0,0,0]
[0,0,0]
[0,0,0]
[0,0,0]