76
10
[-0.65,-3.4,-17.1]
[-0.65,-3.4,-17.1]
[-0.65,-3.4,-17.1]
[-0.65,-3.4,-17.1]
[-0.65,-3.4,-17.1]
[-0.65,-3.4,-17.1]
[-0.65,-3.4,-17.1]
[-0.65,-3.4,-17.1]
[-0.65,-3.4,-17.1]
[-0.65,-3.4,-17.1]
[-0.65,-3.4,-17.1]
[-0.65,-3.4,-17.1]
[-0.65,-3.4,-17.1]
[-0.65,-3.4,-17.1]
[-0.65,-3.4,-17.1]
[-0.65,-3.4,-17.1]
[-0.65,-3.4,-17.1]
[-0.65,-3.4,-17.1]
[-0.65,-3.4,-17.1]
[-0.65,-3.4,-17.1]
[-0.65,-3.4,-17.1]
[-0.65,-3.4,-17.1]
[-0.65,-3.4,-17.1]
[-0.65,-3.4,-17.1]
[-0.65,-3.4,-17.1]
[-0.65,-3.4,-17.1]
[-0.65,-4.094,-17.1]
[-0.65,-4.788,-17.1]
[-0.65,-5.482,-17.1]
[-0.65,-6.176,-17.1]
[-0.65,-6.87,-17.1]
[-0.65,-7.564,-17.1]
[-0.65,-8.258,-17.1]
[-0.65,-8.952,-17.1]
[-0.65,-9.646,-17.1]
[-0.65,-10.34,-17.1]
[-0.65,-11.034,-17.1]
[-0.65,-11.728,-17.1]
[-0.65,-12.422,-17.1]
[-0.65,-12.422,-17.1]
[-0.65,-12.422,-17.1]
[-0.65,-12.422,-17.1]
[-0.65,-12.422,-17.1]
[-0.65,-12.422,-17.1]
[-0.65,-12.422,-17.1]
[-0.65,-12.422,-17.1]
[-0.65,-12.422,-17.1]
[-0.65,-12.422,-17.1]
[-0.65,-12.422,-17.1]
[-0.65,-12.422,-17.1]
[-0.65,-12.422,-17.1]
[-0.65,-12.422,-17.1]
[-0.65,-12.422,-17.1]
[-0.65,-12.422,-17.1]
[-0.65,-12.422,-17.1]
[-0.65,-12.422,-17.1]
[-0.65,-11.5198,-17.1]
[-0.65,-10.6176,-17.1]
[-0.65,-9.7154,-17.1]
[-0.65,-8.8132,-17.1]
[-0.65,-7.911,-17.1]
[-0.65,-7.0088,-17.1]
[-0.65,-6.1066,-17.1]
[-0.65,-5.2044,-17.1]
[-0.65,-4.3022,-17.1]
[-0.65,-3.4,-17.1]
[-0.65,-3.4,-17.1]
[-0.65,-3.4,-17.1]
[-0.65,-3.4,-17.1]
[-0.65,-3.4,-17.1]
[-0.65,-3.4,-17.1]
[-0.65,-3.4,-17.1]
[-0.65,-3.4,-17.1]
[-0.65,-3.4,-17.1]
[-0.65,-3.4,-17.1]
[-0.65,-3.4,-17.1]
[0,-0,0]
[0,0,0]
[0,0,0]
[0,0,0]
[0,0,0]
[0,0,0]
[0,0,0]
[0,0,0]
[0,0,0]
[0,0,0]
[0,0,0]
[0,0,0]
[0,0,0]
[0,0,0]
[0,0,0]
[0,0,0]
[0,0,0]
[0,0,0]
[0,0,0]
[0,0,0]
[0,0,0]
[0,0,0]
[0,0,0]
[0,0,0]
[0,0,0]
[0,0,0]
[0,0,0]
[0,0,0]
[0,0,0]
[0,0,0]
[0,0,0]
[0,0,0]
[0,0,0]
[0,0,0]
[0,0,0]
[0,0,0]
[0,0,0]
[0,0,0]
[0,0,0]
[0,0,0]
[0,0,0]
[0,0,0]
[0,0,0]
[0,0,0]
[0,0,0]
[0,0,0]
[0,0,0]
[0,0,0]
[0,0,0]
[0,0,0]
[0,0,0]
[0,0,0]
[0,0,0]
[0,0,0]
[0,0,0]
[0,0,0]
[0,0,0]
[0,0,0]
[0,0,0]
[0,0,0]
[0,0,0]
[0,0,0]
[0,0,0]
[0,0,0]
[0,0,0]
[0,0,0]
[0,0,0]
[0,0,0]
[0,0,0]
[0,0,0]
[0,0,0]
[0,0,0]
[0,0,0]
[0,0,0]
[0,0,0]
[0,0,0]