81
10
[1.45,-4,1.6]
[1.45,-4,1.6]
[1.45,-4,1.6]
[1.45,-4,1.6]
[1.45,-4,1.6]
[1.45,-4,1.6]
[1.45,-4,1.6]
[1.45,-4,1.6]
[1.45,-4,1.6]
[1.45,-4,1.6]
[1.45,-4,1.6]
[1.45,-4,1.36]
[1.45,-4,1.12]
[1.45,-4,0.88]
[1.45,-4,0.64]
[1.45,-4,0.4]
[1.45,-4,0.4]
[1.45,-4,0.4]
[1.45,-4,0.4]
[1.45,-4,0.4]
[1.45,-4,0.4]
[1.45,-4,0.4]
[1.45,-4,0.4]
[1.45,-4,0.4]
[1.45,-4,0.4]
[1.45,-4,0.4]
[1.45,-4,0.4]
[1.45,-4,0.4]
[1.45,-4,0.4]
[1.45,-4,0.4]
[1.45,-4,0.4]
[1.45,-4,0.4]
[1.45,-4,0.4]
[1.45,-4,0.4]
[1.45,-4,0.4]
[1.45,-4,0.4]
[1.45,-4,0.4]
[1.45,-4,0.4]
[1.45,-4,0.4]
[1.45,-4,0.4]
[1.45,-4,0.4]
[1.45,-4,0.4]
[1.45,-4,0.4]
[1.45,-4,0.4]
[1.45,-4,0.4]
[1.45,-4,0.4]
[1.45,-4,0.4]
[1.45,-4,0.4]
[1.45,-4,0.4]
[1.45,-4,0.4]
[1.45,-4,0.4]
[1.45,-4,0.4]
[1.45,-4,0.4]
[1.45,-4,0.4]
[1.45,-4,0.4]
[1.45,-4,0.4]
[1.45,-4,0.4]
[1.45,-4,0.4]
[1.45,-4,0.4]
[1.45,-4,0.4]
[1.45,-4,0.4]
[1.45,-4,0.52]
[1.45,-4,0.64]
[1.45,-4,0.76]
[1.45,-4,0.88]
[1.45,-4,1]
[1.45,-4,1.12]
[1.45,-4,1.24]
[1.45,-4,1.36]
[1.45,-4,1.48]
[1.45,-4,1.6]
[1.45,-4,1.6]
[1.45,-4,1.6]
[1.45,-4,1.6]
[1.45,-4,1.6]
[1.45,-4,1.6]
[1.45,-4,1.6]
[1.45,-4,1.6]
[1.45,-4,1.6]
[1.45,-4,1.6]
[1.45,-4,1.6]
[0,-0,0]
[0,0,0]
[0,0,0]
[0,0,0]
[0,0,0]
[0,0,0]
[0,0,0]
[0,0,0]
[0,0,0]
[0,0,0]
[0,0,0]
[0,0,0]
[0,0,0]
[0,0,0]
[0,0,0]
[0,0,0]
[0,0,0]
[0,0,0]
[0,0,0]
[0,0,0]
[0,0,0]
[0,0,0]
[0,0,0]
[0,0,0]
[0,0,0]
[0,0,0]
[0,0,0]
[0,0,0]
[0,0,0]
[0,0,0]
[0,0,0]
[0,0,0]
[0,0,0]
[0,0,0]
[0,0,0]
[0,0,0]
[0,0,0]
[0,0,0]
[0,0,0]
[0,0,0]
[0,0,0]
[0,0,0]
[0,0,0]
[0,0,0]
[0,0,0]
[0,0,0]
[0,0,0]
[0,0,0]
[0,0,0]
[0,0,0]
[0,0,0]
[0,0,0]
[0,0,0]
[0,0,0]
[0,0,0]
[0,0,0]
[0,0,0]
[0,0,0]
[0,0,0]
[0,0,0]
[0,0,0]
[0,0,0]
[0,0,0]
[0,0,0]
[0,0,0]
[0,0,0]
[0,0,0]
[0,0,0]
[0,0,0]
[0,0,0]
[0,0,0]
[0,0,0]
[0,0,0]
[0,0,0]
[0,0,0]
[0,0,0]
[0,0,0]
[0,0,0]
[0,0,0]
[0,0,0]
[0,0,0]