81
10
[-12.075,7.65,-7.588]
[-12.075,7.65,-7.588]
[-12.075,7.65,-7.588]
[-12.075,7.65,-7.588]
[-12.075,7.65,-7.588]
[-12.075,7.65,-7.588]
[-12.075,7.65,-7.588]
[-12.075,7.65,-7.588]
[-12.075,7.65,-7.588]
[-12.075,7.65,-7.588]
[-12.075,7.65,-7.588]
[-12.075,7.65,-7.588]
[-12.075,7.65,-7.588]
[-12.075,7.65,-7.588]
[-12.075,7.65,-7.588]
[-12.075,7.65,-7.588]
[-12.075,7.65,-7.588]
[-12.075,7.65,-7.588]
[-12.075,7.65,-7.588]
[-12.075,7.65,-7.588]
[-12.075,7.65,-8.2176]
[-12.075,7.65,-8.8472]
[-12.075,7.65,-9.4768]
[-12.075,7.65,-10.1064]
[-12.075,7.65,-10.736]
[-12.075,7.65,-10.736]
[-12.075,7.65,-10.736]
[-12.075,7.65,-10.736]
[-12.075,7.65,-10.736]
[-12.075,7.65,-10.736]
[-12.075,7.65,-10.736]
[-12.075,7.65,-10.736]
[-12.075,7.65,-10.736]
[-12.075,7.65,-10.736]
[-12.075,7.65,-10.736]
[-12.075,7.65,-10.736]
[-12.075,7.65,-10.736]
[-12.075,7.65,-10.736]
[-12.075,7.65,-10.736]
[-12.075,7.65,-10.736]
[-12.075,7.65,-10.736]
[-12.075,7.65,-10.736]
[-12.075,7.65,-10.736]
[-12.075,7.65,-10.736]
[-12.075,7.65,-10.736]
[-12.075,7.65,-10.736]
[-12.075,7.65,-10.736]
[-12.075,7.65,-10.736]
[-12.075,7.65,-10.736]
[-12.075,7.65,-10.736]
[-12.075,7.65,-10.736]
[-12.075,7.65,-10.736]
[-12.075,7.65,-10.736]
[-12.075,7.65,-10.736]
[-12.075,7.65,-10.736]
[-12.075,7.65,-10.736]
[-12.075,7.65,-10.736]
[-12.075,7.65,-10.736]
[-12.075,7.65,-10.736]
[-12.075,7.65,-10.736]
[-12.075,7.65,-10.736]
[-12.075,7.65,-10.736]
[-12.075,7.65,-10.736]
[-12.075,7.65,-10.736]
[-12.075,7.65,-10.736]
[-12.075,7.65,-10.736]
[-12.075,7.65,-10.736]
[-12.075,7.65,-10.736]
[-12.075,7.65,-10.736]
[-12.075,7.65,-10.736]
[-12.075,7.65,-10.736]
[-12.075,7.65,-10.4212]
[-12.075,7.65,-10.1064]
[-12.075,7.65,-9.7916]
[-12.075,7.65,-9.4768]
[-12.075,7.65,-9.162]
[-12.075,7.65,-8.8472]
[-12.075,7.65,-8.5324]
[-12.075,7.65,-8.2176]
[-12.075,7.65,-7.9028]
[-12.075,7.65,-7.588]
[0,-0,0]
[0,0,0]
[0,0,0]
[0,0,0]
[0,0,0]
[0,0,0]
[0,0,0]
[0,0,0]
[0,0,0]
[0,0,0]
[0,0,0]
[0,0,0]
[0,0,0]
[0,0,0]
[0,0,0]
[0,0,0]
[0,0,0]
[0,0,0]
[0,0,0]
[0,0,0]
[0,0,0]
[0,0,0]
[0,0,0]
[0,0,0]
[0,0,0]
[0,0,0]
[0,0,0]
[0,0,0]
[0,0,0]
[0,0,0]
[0,0,0]
[0,0,0]
[0,0,0]
[0,0,0]
[0,0,0]
[0,0,0]
[0,0,0]
[0,0,0]
[0,0,0]
[0,0,0]
[0,0,0]
[0,0,0]
[0,0,0]
[0,0,0]
[0,0,0]
[0,0,0]
[0,0,0]
[0,0,0]
[0,0,0]
[0,0,0]
[0,0,0]
[0,0,0]
[0,0,0]
[0,0,0]
[0,0,0]
[0,0,0]
[0,0,0]
[0,0,0]
[0,0,0]
[0,0,0]
[0,0,0]
[0,0,0]
[0,0,0]
[0,0,0]
[0,0,0]
[0,0,0]
[0,0,0]
[0,0,0]
[0,0,0]
[0,0,0]
[0,0,0]
[0,0,0]
[0,0,0]
[0,0,0]
[0,0,0]
[0,0,0]
[0,0,0]
[0,0,0]
[0,0,0]
[0,0,0]
[0,0,0]