21
10
[29.5,-4,-1.2]
[29.3225,-4,-1.2]
[29.145,-4,-1.2]
[28.9675,-4,-1.2]
[28.79,-4,-1.2]
[28.79,-4,-1.2]
[28.79,-4,-1.2]
[28.79,-4,-1.2]
[28.79,-4,-1.2]
[28.79,-4,-1.2]
[28.79,-4,-1.2]
[28.79,-4,-1.2]
[28.79,-4,-1.2]
[28.79,-4,-1.2]
[28.79,-4,-1.2]
[28.79,-4,-1.2]
[28.79,-4,-1.2]
[28.79,-4,-1.2]
[28.79,-4,-1.2]
[29.145,-4,-1.2]
[29.5,-4,-1.2]
[0,-0,0]
[0,0,0]
[0,0,0]
[0,0,0]
[0,0,0]
[0,0,0]
[0,0,0]
[0,0,0]
[0,0,0]
[0,0,0]
[0,0,0]
[0,0,0]
[0,0,0]
[0,0,0]
[0,0,0]
[0,0,0]
[0,0,0]
[0,0,0]
[0,0,0]
[0,0,0]
[0,0,0]