21
10
[26,-4,-1.2]
[26.0725,-4,-1.2]
[26.145,-4,-1.2]
[26.2175,-4,-1.2]
[26.29,-4,-1.2]
[26.29,-4,-1.2]
[26.29,-4,-1.2]
[26.29,-4,-1.2]
[26.29,-4,-1.2]
[26.29,-4,-1.2]
[26.29,-4,-1.2]
[26.29,-4,-1.2]
[26.29,-4,-1.2]
[26.29,-4,-1.2]
[26.29,-4,-1.2]
[26.29,-4,-1.2]
[26.29,-4,-1.2]
[26.29,-4,-1.2]
[26.29,-4,-1.2]
[26.145,-4,-1.2]
[26,-4,-1.2]
[0,-0,0]
[0,0,0]
[0,0,0]
[0,0,0]
[0,0,0]
[0,0,0]
[0,0,0]
[0,0,0]
[0,0,0]
[0,0,0]
[0,0,0]
[0,0,0]
[0,0,0]
[0,0,0]
[0,0,0]
[0,0,0]
[0,0,0]
[0,0,0]
[0,0,0]
[0,0,0]
[0,0,0]