37
10
[-3.373,8.32,1.27]
[-3.373,8.32,1.27]
[-3.373,8.32,1.27]
[-3.373,8.32,1.27]
[-3.373,8.32,1.27]
[-3.373,8.32,1.27]
[-3.373,8.32,1.27]
[-3.373,8.32,1.27]
[-3.373,8.32,1.27]
[-3.373,8.32,1.27]
[3.25275,8.32,1.27]
[9.8785,8.32,1.27]
[16.5043,8.32,1.27]
[23.13,8.32,1.27]
[23.13,8.32,1.27]
[23.13,8.32,1.27]
[23.13,8.32,1.27]
[23.13,8.32,1.27]
[23.13,8.32,1.27]
[23.13,8.32,1.27]
[23.13,8.32,1.27]
[23.13,8.32,1.27]
[23.13,8.32,1.27]
[23.13,8.32,1.27]
[23.13,8.32,1.27]
[23.13,8.32,1.27]
[23.13,8.32,1.27]
[23.13,8.32,1.27]
[23.13,8.32,1.27]
[19.8171,8.32,1.27]
[16.5043,8.32,1.27]
[13.1914,8.32,1.27]
[9.8785,8.32,1.27]
[6.56563,8.32,1.27]
[3.25275,8.32,1.27]
[-0.060125,8.32,1.27]
[-3.373,8.32,1.27]
[0,-0,0]
[0,0,0]
[0,0,0]
[0,0,0]
[0,0,0]
[0,0,0]
[0,0,0]
[0,0,0]
[0,0,0]
[0,0,0]
[0,0,0]
[0,0,0]
[0,0,0]
[0,0,0]
[0,0,0]
[0,0,0]
[0,0,0]
[0,0,0]
[0,0,0]
[0,0,0]
[0,0,0]
[0,0,0]
[0,0,0]
[0,0,0]
[0,0,0]
[0,0,0]
[0,0,0]
[0,0,0]
[0,0,0]
[0,0,0]
[0,0,0]
[0,0,0]
[0,0,0]
[0,0,0]
[0,0,0]
[0,0,0]
[0,0,0]