31
10
[-14.2,26.5,0]
[-14.115,26.5,0]
[-14.03,26.5,0]
[-13.945,26.5,0]
[-13.86,26.5,0]
[-13.775,26.5,0]
[-13.69,26.5,0]
[-13.605,26.5,0]
[-13.52,26.5,0]
[-13.435,26.5,0]
[-13.35,26.5,0]
[-13.35,26.5,0]
[-13.35,26.5,0]
[-13.35,26.5,0]
[-13.35,26.5,0]
[-13.35,26.5,0]
[-13.35,26.5,0]
[-13.35,26.5,0]
[-13.35,26.5,0]
[-13.35,26.5,0]
[-13.35,26.5,0]
[-13.435,26.5,0]
[-13.52,26.5,0]
[-13.605,26.5,0]
[-13.69,26.5,0]
[-13.775,26.5,0]
[-13.86,26.5,0]
[-13.945,26.5,0]
[-14.03,26.5,0]
[-14.115,26.5,0]
[-14.2,26.5,0]
[0,-0,0]
[0,0,0]
[0,0,0]
[0,0,0]
[0,0,0]
[0,0,0]
[0,0,0]
[0,0,0]
[0,0,0]
[0,0,0]
[0,0,0]
[0,0,0]
[0,0,0]
[0,0,0]
[0,0,0]
[0,0,0]
[0,0,0]
[0,0,0]
[0,0,0]
[0,0,0]
[0,0,0]
[0,0,0]
[0,0,0]
[0,0,0]
[0,0,0]
[0,0,0]
[0,0,0]
[0,0,0]
[0,0,0]
[0,0,0]
[0,0,0]