31
10
[2,25.95,0]
[1.875,25.95,0]
[1.75,25.95,0]
[1.625,25.95,0]
[1.5,25.95,0]
[1.375,25.95,0]
[1.25,25.95,0]
[1.125,25.95,0]
[1,25.95,0]
[0.875,25.95,0]
[0.75,25.95,0]
[0.75,25.95,0]
[0.75,25.95,0]
[0.75,25.95,0]
[0.75,25.95,0]
[0.75,25.95,0]
[0.75,25.95,0]
[0.75,25.95,0]
[0.75,25.95,0]
[0.75,25.95,0]
[0.75,25.95,0]
[0.875,25.95,0]
[1,25.95,0]
[1.125,25.95,0]
[1.25,25.95,0]
[1.375,25.95,0]
[1.5,25.95,0]
[1.625,25.95,0]
[1.75,25.95,0]
[1.875,25.95,0]
[2,25.95,0]
[0,-0,0]
[0,0,0]
[0,0,0]
[0,0,0]
[0,0,0]
[0,0,0]
[0,0,0]
[0,0,0]
[0,0,0]
[0,0,0]
[0,0,0]
[0,0,0]
[0,0,0]
[0,0,0]
[0,0,0]
[0,0,0]
[0,0,0]
[0,0,0]
[0,0,0]
[0,0,0]
[0,0,0]
[0,0,0]
[0,0,0]
[0,0,0]
[0,0,0]
[0,0,0]
[0,0,0]
[0,0,0]
[0,0,0]
[0,0,0]
[0,0,0]