31
10
[2,25.95,0]
[1.926,25.95,0]
[1.852,25.95,0]
[1.778,25.95,0]
[1.704,25.95,0]
[1.63,25.95,0]
[1.556,25.95,0]
[1.482,25.95,0]
[1.408,25.95,0]
[1.334,25.95,0]
[1.26,25.95,0]
[1.26,25.95,0]
[1.26,25.95,0]
[1.26,25.95,0]
[1.26,25.95,0]
[1.26,25.95,0]
[1.26,25.95,0]
[1.26,25.95,0]
[1.26,25.95,0]
[1.26,25.95,0]
[1.26,25.95,0]
[1.334,25.95,0]
[1.408,25.95,0]
[1.482,25.95,0]
[1.556,25.95,0]
[1.63,25.95,0]
[1.704,25.95,0]
[1.778,25.95,0]
[1.852,25.95,0]
[1.926,25.95,0]
[2,25.95,0]
[0,-0,0]
[0,0,0]
[0,0,0]
[0,0,0]
[0,0,0]
[0,0,0]
[0,0,0]
[0,0,0]
[0,0,0]
[0,0,0]
[0,0,0]
[0,0,0]
[0,0,0]
[0,0,0]
[0,0,0]
[0,0,0]
[0,0,0]
[0,0,0]
[0,0,0]
[0,0,0]
[0,0,0]
[0,0,0]
[0,0,0]
[0,0,0]
[0,0,0]
[0,0,0]
[0,0,0]
[0,0,0]
[0,0,0]
[0,0,0]
[0,0,0]