24
10
[0,0,117.04]
[0,0,111.951]
[0,0,106.863]
[0,0,101.774]
[0,0,96.6852]
[0,0,91.5965]
[0,0,86.5078]
[0,0,81.4191]
[0,0,76.3304]
[0,0,71.2417]
[0,0,66.153]
[0,0,61.0643]
[0,0,55.9757]
[0,0,50.887]
[0,0,45.7983]
[0,0,40.7096]
[0,0,35.6209]
[0,0,30.5322]
[0,0,25.4435]
[0,0,20.3548]
[0,0,15.2661]
[0,0,10.1774]
[0,0,5.0887]
[0,0,0]
[-0,0,0]
[-0,0,0]
[-0,0,0]
[-0,0,0]
[-0,0,0]
[-0,0,0]
[-0,0,0]
[-0,0,0]
[-0,0,0]
[-0,0,0]
[-0,0,0]
[-0,0,0]
[-0,0,0]
[-0,0,0]
[-0,0,0]
[-0,0,0]
[-0,0,0]
[-0,0,0]
[-0,0,0]
[-0,0,0]
[-0,0,0]
[-0,0,0]
[-0,0,0]
[-0,0,0]