33
10
[0,0,158.8]
[0,0,153.838]
[0,0,148.875]
[0,0,143.913]
[0,0,138.95]
[0,0,133.988]
[0,0,129.025]
[0,0,124.063]
[0,0,119.1]
[0,0,114.138]
[0,0,109.175]
[0,0,104.213]
[0,0,99.25]
[0,0,94.2875]
[0,0,89.325]
[0,0,84.3625]
[0,0,79.4]
[0,0,74.4375]
[0,0,69.475]
[0,0,64.5125]
[0,0,59.55]
[0,0,54.5875]
[0,0,49.625]
[0,0,44.6625]
[0,0,39.7]
[0,0,34.7375]
[0,0,29.775]
[0,0,24.8125]
[0,0,19.85]
[0,0,14.8875]
[0,0,9.925]
[0,0,4.9625]
[0,0,0]
[-0,0,0]
[-0,0,0]
[-0,0,0]
[-0,0,0]
[-0,0,0]
[-0,0,0]
[-0,0,0]
[-0,0,0]
[-0,0,0]
[-0,0,0]
[-0,0,0]
[-0,0,0]
[-0,0,0]
[-0,0,0]
[-0,0,0]
[-0,0,0]
[-0,0,0]
[-0,0,0]
[-0,0,0]
[-0,0,0]
[-0,0,0]
[-0,0,0]
[-0,0,0]
[-0,0,0]
[-0,0,0]
[-0,0,0]
[-0,0,0]
[-0,0,0]
[-0,0,0]
[-0,0,0]
[-0,0,0]
[-0,0,0]
[-0,0,0]