37
10
[0,0,178.8]
[0,0,173.833]
[0,0,168.867]
[0,0,163.9]
[0,0,158.933]
[0,0,153.967]
[0,0,149]
[0,0,144.033]
[0,0,139.067]
[0,0,134.1]
[0,0,129.133]
[0,0,124.167]
[0,0,119.2]
[0,0,114.233]
[0,0,109.267]
[0,0,104.3]
[0,0,99.3333]
[0,0,94.3667]
[0,0,89.4]
[0,0,84.4333]
[0,0,79.4667]
[0,0,74.5]
[0,0,69.5333]
[0,0,64.5667]
[0,0,59.6]
[0,0,54.6333]
[0,0,49.6667]
[0,0,44.7]
[0,0,39.7333]
[0,0,34.7667]
[0,0,29.8]
[0,0,24.8333]
[0,0,19.8667]
[0,0,14.9]
[0,0,9.93333]
[0,0,4.96667]
[0,0,0]
[-0,0,0]
[-0,0,0]
[-0,0,0]
[-0,0,0]
[-0,0,0]
[-0,0,0]
[-0,0,0]
[-0,0,0]
[-0,0,0]
[-0,0,0]
[-0,0,0]
[-0,0,0]
[-0,0,0]
[-0,0,0]
[-0,0,0]
[-0,0,0]
[-0,0,0]
[-0,0,0]
[-0,0,0]
[-0,0,0]
[-0,0,0]
[-0,0,0]
[-0,0,0]
[-0,0,0]
[-0,0,0]
[-0,0,0]
[-0,0,0]
[-0,0,0]
[-0,0,0]
[-0,0,0]
[-0,0,0]
[-0,0,0]
[-0,0,0]
[-0,0,0]
[-0,0,0]
[-0,0,0]
[-0,0,0]