36
10
[0,0,177.04]
[0,0,171.982]
[0,0,166.923]
[0,0,161.865]
[0,0,156.807]
[0,0,151.749]
[0,0,146.69]
[0,0,141.632]
[0,0,136.574]
[0,0,131.515]
[0,0,126.457]
[0,0,121.399]
[0,0,116.341]
[0,0,111.282]
[0,0,106.224]
[0,0,101.166]
[0,0,96.1074]
[0,0,91.0491]
[0,0,85.9909]
[0,0,80.9326]
[0,0,75.8743]
[0,0,70.816]
[0,0,65.7577]
[0,0,60.6994]
[0,0,55.6411]
[0,0,50.5829]
[0,0,45.5246]
[0,0,40.4663]
[0,0,35.408]
[0,0,30.3497]
[0,0,25.2914]
[0,0,20.2331]
[0,0,15.1749]
[0,0,10.1166]
[0,0,5.05829]
[0,0,0]
[-0,0,0]
[-0,0,0]
[-0,0,0]
[-0,0,0]
[-0,0,0]
[-0,0,0]
[-0,0,0]
[-0,0,0]
[-0,0,0]
[-0,0,0]
[-0,0,0]
[-0,0,0]
[-0,0,0]
[-0,0,0]
[-0,0,0]
[-0,0,0]
[-0,0,0]
[-0,0,0]
[-0,0,0]
[-0,0,0]
[-0,0,0]
[-0,0,0]
[-0,0,0]
[-0,0,0]
[-0,0,0]
[-0,0,0]
[-0,0,0]
[-0,0,0]
[-0,0,0]
[-0,0,0]
[-0,0,0]
[-0,0,0]
[-0,0,0]
[-0,0,0]
[-0,0,0]
[-0,0,0]