28
10
[0,0,137.04]
[0,0,131.964]
[0,0,126.889]
[0,0,121.813]
[0,0,116.738]
[0,0,111.662]
[0,0,106.587]
[0,0,101.511]
[0,0,96.4356]
[0,0,91.36]
[0,0,86.2844]
[0,0,81.2089]
[0,0,76.1333]
[0,0,71.0578]
[0,0,65.9822]
[0,0,60.9067]
[0,0,55.8311]
[0,0,50.7556]
[0,0,45.68]
[0,0,40.6044]
[0,0,35.5289]
[0,0,30.4533]
[0,0,25.3778]
[0,0,20.3022]
[0,0,15.2267]
[0,0,10.1511]
[0,0,5.07556]
[0,0,0]
[-0,0,0]
[-0,0,0]
[-0,0,0]
[-0,0,0]
[-0,0,0]
[-0,0,0]
[-0,0,0]
[-0,0,0]
[-0,0,0]
[-0,0,0]
[-0,0,0]
[-0,0,0]
[-0,0,0]
[-0,0,0]
[-0,0,0]
[-0,0,0]
[-0,0,0]
[-0,0,0]
[-0,0,0]
[-0,0,0]
[-0,0,0]
[-0,0,0]
[-0,0,0]
[-0,0,0]
[-0,0,0]
[-0,0,0]
[-0,0,0]
[-0,0,0]