32
10
[0,0,157.04]
[0,0,151.974]
[0,0,146.908]
[0,0,141.843]
[0,0,136.777]
[0,0,131.711]
[0,0,126.645]
[0,0,121.579]
[0,0,116.514]
[0,0,111.448]
[0,0,106.382]
[0,0,101.316]
[0,0,96.2503]
[0,0,91.1845]
[0,0,86.1187]
[0,0,81.0529]
[0,0,75.9871]
[0,0,70.9213]
[0,0,65.8555]
[0,0,60.7897]
[0,0,55.7239]
[0,0,50.6581]
[0,0,45.5923]
[0,0,40.5265]
[0,0,35.4606]
[0,0,30.3948]
[0,0,25.329]
[0,0,20.2632]
[0,0,15.1974]
[0,0,10.1316]
[0,0,5.06581]
[0,0,0]
[-0,0,0]
[-0,0,0]
[-0,0,0]
[-0,0,0]
[-0,0,0]
[-0,0,0]
[-0,0,0]
[-0,0,0]
[-0,0,0]
[-0,0,0]
[-0,0,0]
[-0,0,0]
[-0,0,0]
[-0,0,0]
[-0,0,0]
[-0,0,0]
[-0,0,0]
[-0,0,0]
[-0,0,0]
[-0,0,0]
[-0,0,0]
[-0,0,0]
[-0,0,0]
[-0,0,0]
[-0,0,0]
[-0,0,0]
[-0,0,0]
[-0,0,0]
[-0,0,0]
[-0,0,0]
[-0,0,0]
[-0,0,0]